(kicad_pcb (version 20171130) (host pcbnew 5.1.8)

  (general
    (thickness 1.6)
    (drawings 924)
    (tracks 0)
    (zones 0)
    (modules 105)
    (nets 84)
  )

  (page A4)
  (layers
    (0 F.Cu signal)
    (31 B.Cu signal)
    (32 B.Adhes user)
    (33 F.Adhes user)
    (34 B.Paste user)
    (35 F.Paste user)
    (36 B.SilkS user)
    (37 F.SilkS user)
    (38 B.Mask user)
    (39 F.Mask user)
    (40 Dwgs.User user)
    (41 Cmts.User user)
    (42 Eco1.User user)
    (43 Eco2.User user)
    (44 Edge.Cuts user)
    (45 Margin user)
    (46 B.CrtYd user)
    (47 F.CrtYd user)
    (48 B.Fab user)
    (49 F.Fab user)
  )

  (setup
    (last_trace_width 0.25)
    (trace_clearance 0.2)
    (zone_clearance 0.508)
    (zone_45_only no)
    (trace_min 0.2)
    (via_size 0.8)
    (via_drill 0.4)
    (via_min_size 0.4)
    (via_min_drill 0.3)
    (uvia_size 0.3)
    (uvia_drill 0.1)
    (uvias_allowed no)
    (uvia_min_size 0.2)
    (uvia_min_drill 0.1)
    (edge_width 0.05)
    (segment_width 0.2)
    (pcb_text_width 0.3)
    (pcb_text_size 1.5 1.5)
    (mod_edge_width 0.12)
    (mod_text_size 1 1)
    (mod_text_width 0.15)
    (pad_size 1.524 1.524)
    (pad_drill 0.762)
    (pad_to_mask_clearance 0)
    (aux_axis_origin 0 0)
    (grid_origin 35.575 27.35)
    (visible_elements FFFFFF7F)
    (pcbplotparams
      (layerselection 0x010fc_ffffffff)
      (usegerberextensions false)
      (usegerberattributes true)
      (usegerberadvancedattributes true)
      (creategerberjobfile true)
      (excludeedgelayer true)
      (linewidth 0.100000)
      (plotframeref false)
      (viasonmask false)
      (mode 1)
      (useauxorigin false)
      (hpglpennumber 1)
      (hpglpenspeed 20)
      (hpglpendiameter 15.000000)
      (psnegative false)
      (psa4output false)
      (plotreference true)
      (plotvalue true)
      (plotinvisibletext false)
      (padsonsilk false)
      (subtractmaskfromsilk false)
      (outputformat 1)
      (mirror false)
      (drillshape 1)
      (scaleselection 1)
      (outputdirectory ""))
  )

  (net 0 "")
  (net 1 GND)
  (net 2 +5V)
  (net 3 "Net-(C5-Pad1)")
  (net 4 "Net-(C6-Pad1)")
  (net 5 "Net-(C7-Pad1)")
  (net 6 row0)
  (net 7 "Net-(D1-Pad2)")
  (net 8 "Net-(D2-Pad2)")
  (net 9 "Net-(D3-Pad2)")
  (net 10 "Net-(D4-Pad2)")
  (net 11 "Net-(D5-Pad2)")
  (net 12 "Net-(D6-Pad2)")
  (net 13 "Net-(D7-Pad2)")
  (net 14 "Net-(D8-Pad2)")
  (net 15 "Net-(D9-Pad2)")
  (net 16 "Net-(D10-Pad2)")
  (net 17 "Net-(D11-Pad2)")
  (net 18 row1)
  (net 19 "Net-(D12-Pad2)")
  (net 20 "Net-(D13-Pad2)")
  (net 21 "Net-(D14-Pad2)")
  (net 22 "Net-(D15-Pad2)")
  (net 23 "Net-(D16-Pad2)")
  (net 24 "Net-(D17-Pad2)")
  (net 25 "Net-(D18-Pad2)")
  (net 26 "Net-(D19-Pad2)")
  (net 27 "Net-(D20-Pad2)")
  (net 28 "Net-(D21-Pad2)")
  (net 29 row2)
  (net 30 "Net-(D22-Pad2)")
  (net 31 "Net-(D23-Pad2)")
  (net 32 "Net-(D24-Pad2)")
  (net 33 "Net-(D25-Pad2)")
  (net 34 "Net-(D26-Pad2)")
  (net 35 "Net-(D27-Pad2)")
  (net 36 "Net-(D28-Pad2)")
  (net 37 "Net-(D29-Pad2)")
  (net 38 "Net-(D30-Pad2)")
  (net 39 "Net-(D31-Pad2)")
  (net 40 row3)
  (net 41 "Net-(D32-Pad2)")
  (net 42 "Net-(D33-Pad2)")
  (net 43 "Net-(D34-Pad2)")
  (net 44 "Net-(D35-Pad2)")
  (net 45 "Net-(D36-Pad2)")
  (net 46 "Net-(D37-Pad2)")
  (net 47 "Net-(D38-Pad2)")
  (net 48 "Net-(D39-Pad2)")
  (net 49 "Net-(D40-Pad2)")
  (net 50 "Net-(J1-Pad4)")
  (net 51 D+)
  (net 52 D-)
  (net 53 "Net-(R2-Pad1)")
  (net 54 "Net-(R3-Pad1)")
  (net 55 "Net-(R4-Pad2)")
  (net 56 col0)
  (net 57 col1)
  (net 58 col2)
  (net 59 col3)
  (net 60 col4)
  (net 61 col5)
  (net 62 col6)
  (net 63 col7)
  (net 64 col8)
  (net 65 col9)
  (net 66 "Net-(U1-Pad1)")
  (net 67 "Net-(U1-Pad18)")
  (net 68 "Net-(U1-Pad19)")
  (net 69 "Net-(U1-Pad26)")
  (net 70 "Net-(U1-Pad27)")
  (net 71 "Net-(U1-Pad36)")
  (net 72 "Net-(U1-Pad37)")
  (net 73 "Net-(U1-Pad38)")
  (net 74 "Net-(U1-Pad39)")
  (net 75 "Net-(U1-Pad40)")
  (net 76 "Net-(U1-Pad41)")
  (net 77 "Net-(U1-Pad42)")
  (net 78 "Net-(D41-Pad2)")
  (net 79 "Net-(D41-Pad4)")
  (net 80 "Net-(D41-Pad3)")
  (net 81 "Net-(D41-Pad1)")
  (net 82 "Net-(F1-Pad2)")
  (net 83 "Net-(R1-Pad1)")

  (net_class Default "This is the default net class."
    (clearance 0.2)
    (trace_width 0.25)
    (via_dia 0.8)
    (via_drill 0.4)
    (uvia_dia 0.3)
    (uvia_drill 0.1)
    (add_net +5V)
    (add_net D+)
    (add_net D-)
    (add_net GND)
    (add_net "Net-(C5-Pad1)")
    (add_net "Net-(C6-Pad1)")
    (add_net "Net-(C7-Pad1)")
    (add_net "Net-(D1-Pad2)")
    (add_net "Net-(D10-Pad2)")
    (add_net "Net-(D11-Pad2)")
    (add_net "Net-(D12-Pad2)")
    (add_net "Net-(D13-Pad2)")
    (add_net "Net-(D14-Pad2)")
    (add_net "Net-(D15-Pad2)")
    (add_net "Net-(D16-Pad2)")
    (add_net "Net-(D17-Pad2)")
    (add_net "Net-(D18-Pad2)")
    (add_net "Net-(D19-Pad2)")
    (add_net "Net-(D2-Pad2)")
    (add_net "Net-(D20-Pad2)")
    (add_net "Net-(D21-Pad2)")
    (add_net "Net-(D22-Pad2)")
    (add_net "Net-(D23-Pad2)")
    (add_net "Net-(D24-Pad2)")
    (add_net "Net-(D25-Pad2)")
    (add_net "Net-(D26-Pad2)")
    (add_net "Net-(D27-Pad2)")
    (add_net "Net-(D28-Pad2)")
    (add_net "Net-(D29-Pad2)")
    (add_net "Net-(D3-Pad2)")
    (add_net "Net-(D30-Pad2)")
    (add_net "Net-(D31-Pad2)")
    (add_net "Net-(D32-Pad2)")
    (add_net "Net-(D33-Pad2)")
    (add_net "Net-(D34-Pad2)")
    (add_net "Net-(D35-Pad2)")
    (add_net "Net-(D36-Pad2)")
    (add_net "Net-(D37-Pad2)")
    (add_net "Net-(D38-Pad2)")
    (add_net "Net-(D39-Pad2)")
    (add_net "Net-(D4-Pad2)")
    (add_net "Net-(D40-Pad2)")
    (add_net "Net-(D41-Pad1)")
    (add_net "Net-(D41-Pad2)")
    (add_net "Net-(D41-Pad3)")
    (add_net "Net-(D41-Pad4)")
    (add_net "Net-(D5-Pad2)")
    (add_net "Net-(D6-Pad2)")
    (add_net "Net-(D7-Pad2)")
    (add_net "Net-(D8-Pad2)")
    (add_net "Net-(D9-Pad2)")
    (add_net "Net-(F1-Pad2)")
    (add_net "Net-(J1-Pad4)")
    (add_net "Net-(R1-Pad1)")
    (add_net "Net-(R2-Pad1)")
    (add_net "Net-(R3-Pad1)")
    (add_net "Net-(R4-Pad2)")
    (add_net "Net-(U1-Pad1)")
    (add_net "Net-(U1-Pad18)")
    (add_net "Net-(U1-Pad19)")
    (add_net "Net-(U1-Pad26)")
    (add_net "Net-(U1-Pad27)")
    (add_net "Net-(U1-Pad36)")
    (add_net "Net-(U1-Pad37)")
    (add_net "Net-(U1-Pad38)")
    (add_net "Net-(U1-Pad39)")
    (add_net "Net-(U1-Pad40)")
    (add_net "Net-(U1-Pad41)")
    (add_net "Net-(U1-Pad42)")
    (add_net col0)
    (add_net col1)
    (add_net col2)
    (add_net col3)
    (add_net col4)
    (add_net col5)
    (add_net col6)
    (add_net col7)
    (add_net col8)
    (add_net col9)
    (add_net row0)
    (add_net row1)
    (add_net row2)
    (add_net row3)
  )

  (module Capacitor_SMD:C_1206_3216Metric_Pad1.33x1.80mm_HandSolder (layer B.Cu) (tedit 5F68FEEF) (tstamp 5FB716D1)
    (at 50.575 77.85 270)
    (descr "Capacitor SMD 1206 (3216 Metric), square (rectangular) end terminal, IPC_7351 nominal with elongated pad for handsoldering. (Body size source: IPC-SM-782 page 76, https://www.pcb-3d.com/wordpress/wp-content/uploads/ipc-sm-782a_amendment_1_and_2.pdf), generated with kicad-footprint-generator")
    (tags "capacitor handsolder")
    (path /5FB43AE3)
    (attr smd)
    (fp_text reference C1 (at 0 1.85 90) (layer B.SilkS)
      (effects (font (size 1 1) (thickness 0.15)) (justify mirror))
    )
    (fp_text value 0.1u (at 0 -1.85 90) (layer B.Fab)
      (effects (font (size 1 1) (thickness 0.15)) (justify mirror))
    )
    (fp_line (start -1.6 -0.8) (end -1.6 0.8) (layer B.Fab) (width 0.1))
    (fp_line (start -1.6 0.8) (end 1.6 0.8) (layer B.Fab) (width 0.1))
    (fp_line (start 1.6 0.8) (end 1.6 -0.8) (layer B.Fab) (width 0.1))
    (fp_line (start 1.6 -0.8) (end -1.6 -0.8) (layer B.Fab) (width 0.1))
    (fp_line (start -0.711252 0.91) (end 0.711252 0.91) (layer B.SilkS) (width 0.12))
    (fp_line (start -0.711252 -0.91) (end 0.711252 -0.91) (layer B.SilkS) (width 0.12))
    (fp_line (start -2.48 -1.15) (end -2.48 1.15) (layer B.CrtYd) (width 0.05))
    (fp_line (start -2.48 1.15) (end 2.48 1.15) (layer B.CrtYd) (width 0.05))
    (fp_line (start 2.48 1.15) (end 2.48 -1.15) (layer B.CrtYd) (width 0.05))
    (fp_line (start 2.48 -1.15) (end -2.48 -1.15) (layer B.CrtYd) (width 0.05))
    (fp_text user %R (at 0 0 90) (layer B.Fab)
      (effects (font (size 0.8 0.8) (thickness 0.12)) (justify mirror))
    )
    (pad 2 smd roundrect (at 1.5625 0 270) (size 1.325 1.8) (layers B.Cu B.Paste B.Mask) (roundrect_rratio 0.188679)
      (net 1 GND))
    (pad 1 smd roundrect (at -1.5625 0 270) (size 1.325 1.8) (layers B.Cu B.Paste B.Mask) (roundrect_rratio 0.188679)
      (net 2 +5V))
    (model ${KISYS3DMOD}/Capacitor_SMD.3dshapes/C_1206_3216Metric.wrl
      (at (xyz 0 0 0))
      (scale (xyz 1 1 1))
      (rotate (xyz 0 0 0))
    )
  )

  (module Capacitor_SMD:C_1206_3216Metric_Pad1.33x1.80mm_HandSolder (layer B.Cu) (tedit 5F68FEEF) (tstamp 5FB716E2)
    (at 47.575 77.85 270)
    (descr "Capacitor SMD 1206 (3216 Metric), square (rectangular) end terminal, IPC_7351 nominal with elongated pad for handsoldering. (Body size source: IPC-SM-782 page 76, https://www.pcb-3d.com/wordpress/wp-content/uploads/ipc-sm-782a_amendment_1_and_2.pdf), generated with kicad-footprint-generator")
    (tags "capacitor handsolder")
    (path /5FB42F5B)
    (attr smd)
    (fp_text reference C2 (at 0 1.85 90) (layer B.SilkS)
      (effects (font (size 1 1) (thickness 0.15)) (justify mirror))
    )
    (fp_text value 0.1u (at 0 -1.85 90) (layer B.Fab)
      (effects (font (size 1 1) (thickness 0.15)) (justify mirror))
    )
    (fp_line (start 2.48 -1.15) (end -2.48 -1.15) (layer B.CrtYd) (width 0.05))
    (fp_line (start 2.48 1.15) (end 2.48 -1.15) (layer B.CrtYd) (width 0.05))
    (fp_line (start -2.48 1.15) (end 2.48 1.15) (layer B.CrtYd) (width 0.05))
    (fp_line (start -2.48 -1.15) (end -2.48 1.15) (layer B.CrtYd) (width 0.05))
    (fp_line (start -0.711252 -0.91) (end 0.711252 -0.91) (layer B.SilkS) (width 0.12))
    (fp_line (start -0.711252 0.91) (end 0.711252 0.91) (layer B.SilkS) (width 0.12))
    (fp_line (start 1.6 -0.8) (end -1.6 -0.8) (layer B.Fab) (width 0.1))
    (fp_line (start 1.6 0.8) (end 1.6 -0.8) (layer B.Fab) (width 0.1))
    (fp_line (start -1.6 0.8) (end 1.6 0.8) (layer B.Fab) (width 0.1))
    (fp_line (start -1.6 -0.8) (end -1.6 0.8) (layer B.Fab) (width 0.1))
    (fp_text user %R (at 0 0 90) (layer B.Fab)
      (effects (font (size 0.8 0.8) (thickness 0.12)) (justify mirror))
    )
    (pad 1 smd roundrect (at -1.5625 0 270) (size 1.325 1.8) (layers B.Cu B.Paste B.Mask) (roundrect_rratio 0.188679)
      (net 2 +5V))
    (pad 2 smd roundrect (at 1.5625 0 270) (size 1.325 1.8) (layers B.Cu B.Paste B.Mask) (roundrect_rratio 0.188679)
      (net 1 GND))
    (model ${KISYS3DMOD}/Capacitor_SMD.3dshapes/C_1206_3216Metric.wrl
      (at (xyz 0 0 0))
      (scale (xyz 1 1 1))
      (rotate (xyz 0 0 0))
    )
  )

  (module Capacitor_SMD:C_1206_3216Metric_Pad1.33x1.80mm_HandSolder (layer B.Cu) (tedit 5F68FEEF) (tstamp 5FB716F3)
    (at 44.575 77.85 270)
    (descr "Capacitor SMD 1206 (3216 Metric), square (rectangular) end terminal, IPC_7351 nominal with elongated pad for handsoldering. (Body size source: IPC-SM-782 page 76, https://www.pcb-3d.com/wordpress/wp-content/uploads/ipc-sm-782a_amendment_1_and_2.pdf), generated with kicad-footprint-generator")
    (tags "capacitor handsolder")
    (path /5FB432D9)
    (attr smd)
    (fp_text reference C3 (at 0 1.85 90) (layer B.SilkS)
      (effects (font (size 1 1) (thickness 0.15)) (justify mirror))
    )
    (fp_text value 0.1u (at 0 -1.85 90) (layer B.Fab)
      (effects (font (size 1 1) (thickness 0.15)) (justify mirror))
    )
    (fp_line (start -1.6 -0.8) (end -1.6 0.8) (layer B.Fab) (width 0.1))
    (fp_line (start -1.6 0.8) (end 1.6 0.8) (layer B.Fab) (width 0.1))
    (fp_line (start 1.6 0.8) (end 1.6 -0.8) (layer B.Fab) (width 0.1))
    (fp_line (start 1.6 -0.8) (end -1.6 -0.8) (layer B.Fab) (width 0.1))
    (fp_line (start -0.711252 0.91) (end 0.711252 0.91) (layer B.SilkS) (width 0.12))
    (fp_line (start -0.711252 -0.91) (end 0.711252 -0.91) (layer B.SilkS) (width 0.12))
    (fp_line (start -2.48 -1.15) (end -2.48 1.15) (layer B.CrtYd) (width 0.05))
    (fp_line (start -2.48 1.15) (end 2.48 1.15) (layer B.CrtYd) (width 0.05))
    (fp_line (start 2.48 1.15) (end 2.48 -1.15) (layer B.CrtYd) (width 0.05))
    (fp_line (start 2.48 -1.15) (end -2.48 -1.15) (layer B.CrtYd) (width 0.05))
    (fp_text user %R (at 0 0 90) (layer B.Fab)
      (effects (font (size 0.8 0.8) (thickness 0.12)) (justify mirror))
    )
    (pad 2 smd roundrect (at 1.5625 0 270) (size 1.325 1.8) (layers B.Cu B.Paste B.Mask) (roundrect_rratio 0.188679)
      (net 1 GND))
    (pad 1 smd roundrect (at -1.5625 0 270) (size 1.325 1.8) (layers B.Cu B.Paste B.Mask) (roundrect_rratio 0.188679)
      (net 2 +5V))
    (model ${KISYS3DMOD}/Capacitor_SMD.3dshapes/C_1206_3216Metric.wrl
      (at (xyz 0 0 0))
      (scale (xyz 1 1 1))
      (rotate (xyz 0 0 0))
    )
  )

  (module Capacitor_SMD:C_1206_3216Metric_Pad1.33x1.80mm_HandSolder (layer B.Cu) (tedit 5F68FEEF) (tstamp 5FB71704)
    (at 41.575 77.9125 270)
    (descr "Capacitor SMD 1206 (3216 Metric), square (rectangular) end terminal, IPC_7351 nominal with elongated pad for handsoldering. (Body size source: IPC-SM-782 page 76, https://www.pcb-3d.com/wordpress/wp-content/uploads/ipc-sm-782a_amendment_1_and_2.pdf), generated with kicad-footprint-generator")
    (tags "capacitor handsolder")
    (path /5FB43598)
    (attr smd)
    (fp_text reference C4 (at 0 1.85 90) (layer B.SilkS)
      (effects (font (size 1 1) (thickness 0.15)) (justify mirror))
    )
    (fp_text value 10u (at 0 -1.85 90) (layer B.Fab)
      (effects (font (size 1 1) (thickness 0.15)) (justify mirror))
    )
    (fp_line (start 2.48 -1.15) (end -2.48 -1.15) (layer B.CrtYd) (width 0.05))
    (fp_line (start 2.48 1.15) (end 2.48 -1.15) (layer B.CrtYd) (width 0.05))
    (fp_line (start -2.48 1.15) (end 2.48 1.15) (layer B.CrtYd) (width 0.05))
    (fp_line (start -2.48 -1.15) (end -2.48 1.15) (layer B.CrtYd) (width 0.05))
    (fp_line (start -0.711252 -0.91) (end 0.711252 -0.91) (layer B.SilkS) (width 0.12))
    (fp_line (start -0.711252 0.91) (end 0.711252 0.91) (layer B.SilkS) (width 0.12))
    (fp_line (start 1.6 -0.8) (end -1.6 -0.8) (layer B.Fab) (width 0.1))
    (fp_line (start 1.6 0.8) (end 1.6 -0.8) (layer B.Fab) (width 0.1))
    (fp_line (start -1.6 0.8) (end 1.6 0.8) (layer B.Fab) (width 0.1))
    (fp_line (start -1.6 -0.8) (end -1.6 0.8) (layer B.Fab) (width 0.1))
    (fp_text user %R (at 0 0 90) (layer B.Fab)
      (effects (font (size 0.8 0.8) (thickness 0.12)) (justify mirror))
    )
    (pad 1 smd roundrect (at -1.5625 0 270) (size 1.325 1.8) (layers B.Cu B.Paste B.Mask) (roundrect_rratio 0.188679)
      (net 2 +5V))
    (pad 2 smd roundrect (at 1.5625 0 270) (size 1.325 1.8) (layers B.Cu B.Paste B.Mask) (roundrect_rratio 0.188679)
      (net 1 GND))
    (model ${KISYS3DMOD}/Capacitor_SMD.3dshapes/C_1206_3216Metric.wrl
      (at (xyz 0 0 0))
      (scale (xyz 1 1 1))
      (rotate (xyz 0 0 0))
    )
  )

  (module Capacitor_SMD:C_1206_3216Metric_Pad1.33x1.80mm_HandSolder (layer B.Cu) (tedit 5F68FEEF) (tstamp 5FB71715)
    (at 60.075 88.85)
    (descr "Capacitor SMD 1206 (3216 Metric), square (rectangular) end terminal, IPC_7351 nominal with elongated pad for handsoldering. (Body size source: IPC-SM-782 page 76, https://www.pcb-3d.com/wordpress/wp-content/uploads/ipc-sm-782a_amendment_1_and_2.pdf), generated with kicad-footprint-generator")
    (tags "capacitor handsolder")
    (path /5FB65BE2)
    (attr smd)
    (fp_text reference C5 (at 0 1.85 180) (layer B.SilkS)
      (effects (font (size 1 1) (thickness 0.15)) (justify mirror))
    )
    (fp_text value 22p (at 0 -1.85 180) (layer B.Fab)
      (effects (font (size 1 1) (thickness 0.15)) (justify mirror))
    )
    (fp_line (start -1.6 -0.8) (end -1.6 0.8) (layer B.Fab) (width 0.1))
    (fp_line (start -1.6 0.8) (end 1.6 0.8) (layer B.Fab) (width 0.1))
    (fp_line (start 1.6 0.8) (end 1.6 -0.8) (layer B.Fab) (width 0.1))
    (fp_line (start 1.6 -0.8) (end -1.6 -0.8) (layer B.Fab) (width 0.1))
    (fp_line (start -0.711252 0.91) (end 0.711252 0.91) (layer B.SilkS) (width 0.12))
    (fp_line (start -0.711252 -0.91) (end 0.711252 -0.91) (layer B.SilkS) (width 0.12))
    (fp_line (start -2.48 -1.15) (end -2.48 1.15) (layer B.CrtYd) (width 0.05))
    (fp_line (start -2.48 1.15) (end 2.48 1.15) (layer B.CrtYd) (width 0.05))
    (fp_line (start 2.48 1.15) (end 2.48 -1.15) (layer B.CrtYd) (width 0.05))
    (fp_line (start 2.48 -1.15) (end -2.48 -1.15) (layer B.CrtYd) (width 0.05))
    (fp_text user %R (at 0 0 180) (layer B.Fab)
      (effects (font (size 0.8 0.8) (thickness 0.12)) (justify mirror))
    )
    (pad 2 smd roundrect (at 1.5625 0) (size 1.325 1.8) (layers B.Cu B.Paste B.Mask) (roundrect_rratio 0.188679)
      (net 1 GND))
    (pad 1 smd roundrect (at -1.5625 0) (size 1.325 1.8) (layers B.Cu B.Paste B.Mask) (roundrect_rratio 0.188679)
      (net 3 "Net-(C5-Pad1)"))
    (model ${KISYS3DMOD}/Capacitor_SMD.3dshapes/C_1206_3216Metric.wrl
      (at (xyz 0 0 0))
      (scale (xyz 1 1 1))
      (rotate (xyz 0 0 0))
    )
  )

  (module Capacitor_SMD:C_1206_3216Metric_Pad1.33x1.80mm_HandSolder (layer B.Cu) (tedit 5F68FEEF) (tstamp 5FB71726)
    (at 60.1375 78.85 180)
    (descr "Capacitor SMD 1206 (3216 Metric), square (rectangular) end terminal, IPC_7351 nominal with elongated pad for handsoldering. (Body size source: IPC-SM-782 page 76, https://www.pcb-3d.com/wordpress/wp-content/uploads/ipc-sm-782a_amendment_1_and_2.pdf), generated with kicad-footprint-generator")
    (tags "capacitor handsolder")
    (path /5FB6600C)
    (attr smd)
    (fp_text reference C6 (at 0 1.85 180) (layer B.SilkS)
      (effects (font (size 1 1) (thickness 0.15)) (justify mirror))
    )
    (fp_text value 22p (at 0 -1.85 180) (layer B.Fab)
      (effects (font (size 1 1) (thickness 0.15)) (justify mirror))
    )
    (fp_line (start 2.48 -1.15) (end -2.48 -1.15) (layer B.CrtYd) (width 0.05))
    (fp_line (start 2.48 1.15) (end 2.48 -1.15) (layer B.CrtYd) (width 0.05))
    (fp_line (start -2.48 1.15) (end 2.48 1.15) (layer B.CrtYd) (width 0.05))
    (fp_line (start -2.48 -1.15) (end -2.48 1.15) (layer B.CrtYd) (width 0.05))
    (fp_line (start -0.711252 -0.91) (end 0.711252 -0.91) (layer B.SilkS) (width 0.12))
    (fp_line (start -0.711252 0.91) (end 0.711252 0.91) (layer B.SilkS) (width 0.12))
    (fp_line (start 1.6 -0.8) (end -1.6 -0.8) (layer B.Fab) (width 0.1))
    (fp_line (start 1.6 0.8) (end 1.6 -0.8) (layer B.Fab) (width 0.1))
    (fp_line (start -1.6 0.8) (end 1.6 0.8) (layer B.Fab) (width 0.1))
    (fp_line (start -1.6 -0.8) (end -1.6 0.8) (layer B.Fab) (width 0.1))
    (fp_text user %R (at 0 0 180) (layer B.Fab)
      (effects (font (size 0.8 0.8) (thickness 0.12)) (justify mirror))
    )
    (pad 1 smd roundrect (at -1.5625 0 180) (size 1.325 1.8) (layers B.Cu B.Paste B.Mask) (roundrect_rratio 0.188679)
      (net 4 "Net-(C6-Pad1)"))
    (pad 2 smd roundrect (at 1.5625 0 180) (size 1.325 1.8) (layers B.Cu B.Paste B.Mask) (roundrect_rratio 0.188679)
      (net 1 GND))
    (model ${KISYS3DMOD}/Capacitor_SMD.3dshapes/C_1206_3216Metric.wrl
      (at (xyz 0 0 0))
      (scale (xyz 1 1 1))
      (rotate (xyz 0 0 0))
    )
  )

  (module Capacitor_SMD:C_1206_3216Metric_Pad1.33x1.80mm_HandSolder (layer B.Cu) (tedit 5F68FEEF) (tstamp 5FB71737)
    (at 53.075 86.85 270)
    (descr "Capacitor SMD 1206 (3216 Metric), square (rectangular) end terminal, IPC_7351 nominal with elongated pad for handsoldering. (Body size source: IPC-SM-782 page 76, https://www.pcb-3d.com/wordpress/wp-content/uploads/ipc-sm-782a_amendment_1_and_2.pdf), generated with kicad-footprint-generator")
    (tags "capacitor handsolder")
    (path /5FB4DEAA)
    (attr smd)
    (fp_text reference C7 (at 0 1.85 90) (layer B.SilkS)
      (effects (font (size 1 1) (thickness 0.15)) (justify mirror))
    )
    (fp_text value 1u (at 0 -1.85 90) (layer B.Fab)
      (effects (font (size 1 1) (thickness 0.15)) (justify mirror))
    )
    (fp_line (start 2.48 -1.15) (end -2.48 -1.15) (layer B.CrtYd) (width 0.05))
    (fp_line (start 2.48 1.15) (end 2.48 -1.15) (layer B.CrtYd) (width 0.05))
    (fp_line (start -2.48 1.15) (end 2.48 1.15) (layer B.CrtYd) (width 0.05))
    (fp_line (start -2.48 -1.15) (end -2.48 1.15) (layer B.CrtYd) (width 0.05))
    (fp_line (start -0.711252 -0.91) (end 0.711252 -0.91) (layer B.SilkS) (width 0.12))
    (fp_line (start -0.711252 0.91) (end 0.711252 0.91) (layer B.SilkS) (width 0.12))
    (fp_line (start 1.6 -0.8) (end -1.6 -0.8) (layer B.Fab) (width 0.1))
    (fp_line (start 1.6 0.8) (end 1.6 -0.8) (layer B.Fab) (width 0.1))
    (fp_line (start -1.6 0.8) (end 1.6 0.8) (layer B.Fab) (width 0.1))
    (fp_line (start -1.6 -0.8) (end -1.6 0.8) (layer B.Fab) (width 0.1))
    (fp_text user %R (at 0 0 90) (layer B.Fab)
      (effects (font (size 0.8 0.8) (thickness 0.12)) (justify mirror))
    )
    (pad 1 smd roundrect (at -1.5625 0 270) (size 1.325 1.8) (layers B.Cu B.Paste B.Mask) (roundrect_rratio 0.188679)
      (net 5 "Net-(C7-Pad1)"))
    (pad 2 smd roundrect (at 1.5625 0 270) (size 1.325 1.8) (layers B.Cu B.Paste B.Mask) (roundrect_rratio 0.188679)
      (net 1 GND))
    (model ${KISYS3DMOD}/Capacitor_SMD.3dshapes/C_1206_3216Metric.wrl
      (at (xyz 0 0 0))
      (scale (xyz 1 1 1))
      (rotate (xyz 0 0 0))
    )
  )

  (module swanmatch:D3_TH_SMD (layer F.Cu) (tedit 5B7FD767) (tstamp 5FB71751)
    (at 45.1 32.1125 270)
    (descr "Resitance 3 pas")
    (tags R)
    (path /5FB9F069)
    (autoplace_cost180 10)
    (fp_text reference D1 (at 0.55 0 90) (layer F.Fab) hide
      (effects (font (size 0.5 0.5) (thickness 0.125)))
    )
    (fp_text value D (at -0.55 0 90) (layer F.Fab) hide
      (effects (font (size 0.5 0.5) (thickness 0.125)))
    )
    (fp_line (start -0.4 0) (end 0.5 -0.5) (layer B.SilkS) (width 0.15))
    (fp_line (start 0.5 -0.5) (end 0.5 0.5) (layer B.SilkS) (width 0.15))
    (fp_line (start 0.5 0.5) (end -0.4 0) (layer B.SilkS) (width 0.15))
    (fp_line (start -0.5 -0.5) (end -0.5 0.5) (layer B.SilkS) (width 0.15))
    (fp_line (start -0.4 0) (end 0.5 -0.5) (layer F.SilkS) (width 0.15))
    (fp_line (start 0.5 -0.5) (end 0.5 0.5) (layer F.SilkS) (width 0.15))
    (fp_line (start 0.5 0.5) (end -0.4 0) (layer F.SilkS) (width 0.15))
    (fp_line (start -0.5 -0.5) (end -0.5 0.5) (layer F.SilkS) (width 0.15))
    (fp_line (start 2.7 -0.75) (end -2.7 -0.75) (layer F.SilkS) (width 0.15))
    (fp_line (start -2.7 -0.75) (end -2.7 0.75) (layer F.SilkS) (width 0.15))
    (fp_line (start -2.7 0.75) (end 2.7 0.75) (layer F.SilkS) (width 0.15))
    (fp_line (start 2.7 0.75) (end 2.7 -0.75) (layer F.SilkS) (width 0.15))
    (fp_line (start 2.7 -0.75) (end -2.7 -0.75) (layer B.SilkS) (width 0.15))
    (fp_line (start -2.7 -0.75) (end -2.7 0.75) (layer B.SilkS) (width 0.15))
    (fp_line (start -2.7 0.75) (end 2.7 0.75) (layer B.SilkS) (width 0.15))
    (fp_line (start 2.7 0.75) (end 2.7 -0.75) (layer B.SilkS) (width 0.15))
    (pad 2 smd rect (at 1.775 0 270) (size 1.3 0.95) (layers F.Cu F.Paste F.Mask)
      (net 7 "Net-(D1-Pad2)"))
    (pad 2 thru_hole circle (at 3.81 0 270) (size 1.397 1.397) (drill 0.8128) (layers *.Cu *.Mask F.SilkS)
      (net 7 "Net-(D1-Pad2)"))
    (pad 1 thru_hole rect (at -3.81 0 270) (size 1.397 1.397) (drill 0.8128) (layers *.Cu *.Mask F.SilkS)
      (net 6 row0))
    (pad 1 smd rect (at -1.775 0 270) (size 1.3 0.95) (layers B.Cu B.Paste B.Mask)
      (net 6 row0))
    (pad 2 smd rect (at 1.775 0 270) (size 1.3 0.95) (layers B.Cu B.Paste B.Mask)
      (net 7 "Net-(D1-Pad2)"))
    (pad 1 smd rect (at -1.775 0 270) (size 1.3 0.95) (layers F.Cu F.Paste F.Mask)
      (net 6 row0))
    (model Diodes_SMD.3dshapes/SMB_Handsoldering.wrl
      (at (xyz 0 0 0))
      (scale (xyz 0.22 0.15 0.15))
      (rotate (xyz 0 0 180))
    )
  )

  (module swanmatch:D3_TH_SMD (layer F.Cu) (tedit 5B7FD767) (tstamp 5FB7176B)
    (at 64.15 32.1125 270)
    (descr "Resitance 3 pas")
    (tags R)
    (path /5FB9F075)
    (autoplace_cost180 10)
    (fp_text reference D2 (at 0.55 0 90) (layer F.Fab) hide
      (effects (font (size 0.5 0.5) (thickness 0.125)))
    )
    (fp_text value D (at -0.55 0 90) (layer F.Fab) hide
      (effects (font (size 0.5 0.5) (thickness 0.125)))
    )
    (fp_line (start -0.4 0) (end 0.5 -0.5) (layer B.SilkS) (width 0.15))
    (fp_line (start 0.5 -0.5) (end 0.5 0.5) (layer B.SilkS) (width 0.15))
    (fp_line (start 0.5 0.5) (end -0.4 0) (layer B.SilkS) (width 0.15))
    (fp_line (start -0.5 -0.5) (end -0.5 0.5) (layer B.SilkS) (width 0.15))
    (fp_line (start -0.4 0) (end 0.5 -0.5) (layer F.SilkS) (width 0.15))
    (fp_line (start 0.5 -0.5) (end 0.5 0.5) (layer F.SilkS) (width 0.15))
    (fp_line (start 0.5 0.5) (end -0.4 0) (layer F.SilkS) (width 0.15))
    (fp_line (start -0.5 -0.5) (end -0.5 0.5) (layer F.SilkS) (width 0.15))
    (fp_line (start 2.7 -0.75) (end -2.7 -0.75) (layer F.SilkS) (width 0.15))
    (fp_line (start -2.7 -0.75) (end -2.7 0.75) (layer F.SilkS) (width 0.15))
    (fp_line (start -2.7 0.75) (end 2.7 0.75) (layer F.SilkS) (width 0.15))
    (fp_line (start 2.7 0.75) (end 2.7 -0.75) (layer F.SilkS) (width 0.15))
    (fp_line (start 2.7 -0.75) (end -2.7 -0.75) (layer B.SilkS) (width 0.15))
    (fp_line (start -2.7 -0.75) (end -2.7 0.75) (layer B.SilkS) (width 0.15))
    (fp_line (start -2.7 0.75) (end 2.7 0.75) (layer B.SilkS) (width 0.15))
    (fp_line (start 2.7 0.75) (end 2.7 -0.75) (layer B.SilkS) (width 0.15))
    (pad 2 smd rect (at 1.775 0 270) (size 1.3 0.95) (layers F.Cu F.Paste F.Mask)
      (net 8 "Net-(D2-Pad2)"))
    (pad 2 thru_hole circle (at 3.81 0 270) (size 1.397 1.397) (drill 0.8128) (layers *.Cu *.Mask F.SilkS)
      (net 8 "Net-(D2-Pad2)"))
    (pad 1 thru_hole rect (at -3.81 0 270) (size 1.397 1.397) (drill 0.8128) (layers *.Cu *.Mask F.SilkS)
      (net 6 row0))
    (pad 1 smd rect (at -1.775 0 270) (size 1.3 0.95) (layers B.Cu B.Paste B.Mask)
      (net 6 row0))
    (pad 2 smd rect (at 1.775 0 270) (size 1.3 0.95) (layers B.Cu B.Paste B.Mask)
      (net 8 "Net-(D2-Pad2)"))
    (pad 1 smd rect (at -1.775 0 270) (size 1.3 0.95) (layers F.Cu F.Paste F.Mask)
      (net 6 row0))
    (model Diodes_SMD.3dshapes/SMB_Handsoldering.wrl
      (at (xyz 0 0 0))
      (scale (xyz 0.22 0.15 0.15))
      (rotate (xyz 0 0 180))
    )
  )

  (module swanmatch:D3_TH_SMD (layer F.Cu) (tedit 5B7FD767) (tstamp 5FB71785)
    (at 83.2 32.1125 270)
    (descr "Resitance 3 pas")
    (tags R)
    (path /5FB83E65)
    (autoplace_cost180 10)
    (fp_text reference D3 (at 0.55 0 90) (layer F.Fab) hide
      (effects (font (size 0.5 0.5) (thickness 0.125)))
    )
    (fp_text value D (at -0.55 0 90) (layer F.Fab) hide
      (effects (font (size 0.5 0.5) (thickness 0.125)))
    )
    (fp_line (start -0.4 0) (end 0.5 -0.5) (layer B.SilkS) (width 0.15))
    (fp_line (start 0.5 -0.5) (end 0.5 0.5) (layer B.SilkS) (width 0.15))
    (fp_line (start 0.5 0.5) (end -0.4 0) (layer B.SilkS) (width 0.15))
    (fp_line (start -0.5 -0.5) (end -0.5 0.5) (layer B.SilkS) (width 0.15))
    (fp_line (start -0.4 0) (end 0.5 -0.5) (layer F.SilkS) (width 0.15))
    (fp_line (start 0.5 -0.5) (end 0.5 0.5) (layer F.SilkS) (width 0.15))
    (fp_line (start 0.5 0.5) (end -0.4 0) (layer F.SilkS) (width 0.15))
    (fp_line (start -0.5 -0.5) (end -0.5 0.5) (layer F.SilkS) (width 0.15))
    (fp_line (start 2.7 -0.75) (end -2.7 -0.75) (layer F.SilkS) (width 0.15))
    (fp_line (start -2.7 -0.75) (end -2.7 0.75) (layer F.SilkS) (width 0.15))
    (fp_line (start -2.7 0.75) (end 2.7 0.75) (layer F.SilkS) (width 0.15))
    (fp_line (start 2.7 0.75) (end 2.7 -0.75) (layer F.SilkS) (width 0.15))
    (fp_line (start 2.7 -0.75) (end -2.7 -0.75) (layer B.SilkS) (width 0.15))
    (fp_line (start -2.7 -0.75) (end -2.7 0.75) (layer B.SilkS) (width 0.15))
    (fp_line (start -2.7 0.75) (end 2.7 0.75) (layer B.SilkS) (width 0.15))
    (fp_line (start 2.7 0.75) (end 2.7 -0.75) (layer B.SilkS) (width 0.15))
    (pad 2 smd rect (at 1.775 0 270) (size 1.3 0.95) (layers F.Cu F.Paste F.Mask)
      (net 9 "Net-(D3-Pad2)"))
    (pad 2 thru_hole circle (at 3.81 0 270) (size 1.397 1.397) (drill 0.8128) (layers *.Cu *.Mask F.SilkS)
      (net 9 "Net-(D3-Pad2)"))
    (pad 1 thru_hole rect (at -3.81 0 270) (size 1.397 1.397) (drill 0.8128) (layers *.Cu *.Mask F.SilkS)
      (net 6 row0))
    (pad 1 smd rect (at -1.775 0 270) (size 1.3 0.95) (layers B.Cu B.Paste B.Mask)
      (net 6 row0))
    (pad 2 smd rect (at 1.775 0 270) (size 1.3 0.95) (layers B.Cu B.Paste B.Mask)
      (net 9 "Net-(D3-Pad2)"))
    (pad 1 smd rect (at -1.775 0 270) (size 1.3 0.95) (layers F.Cu F.Paste F.Mask)
      (net 6 row0))
    (model Diodes_SMD.3dshapes/SMB_Handsoldering.wrl
      (at (xyz 0 0 0))
      (scale (xyz 0.22 0.15 0.15))
      (rotate (xyz 0 0 180))
    )
  )

  (module swanmatch:D3_TH_SMD (layer F.Cu) (tedit 5B7FD767) (tstamp 5FB7179F)
    (at 102.25 32.1125 270)
    (descr "Resitance 3 pas")
    (tags R)
    (path /5FB869CF)
    (autoplace_cost180 10)
    (fp_text reference D4 (at 0.55 0 90) (layer F.Fab) hide
      (effects (font (size 0.5 0.5) (thickness 0.125)))
    )
    (fp_text value D (at -0.55 0 90) (layer F.Fab) hide
      (effects (font (size 0.5 0.5) (thickness 0.125)))
    )
    (fp_line (start -0.4 0) (end 0.5 -0.5) (layer B.SilkS) (width 0.15))
    (fp_line (start 0.5 -0.5) (end 0.5 0.5) (layer B.SilkS) (width 0.15))
    (fp_line (start 0.5 0.5) (end -0.4 0) (layer B.SilkS) (width 0.15))
    (fp_line (start -0.5 -0.5) (end -0.5 0.5) (layer B.SilkS) (width 0.15))
    (fp_line (start -0.4 0) (end 0.5 -0.5) (layer F.SilkS) (width 0.15))
    (fp_line (start 0.5 -0.5) (end 0.5 0.5) (layer F.SilkS) (width 0.15))
    (fp_line (start 0.5 0.5) (end -0.4 0) (layer F.SilkS) (width 0.15))
    (fp_line (start -0.5 -0.5) (end -0.5 0.5) (layer F.SilkS) (width 0.15))
    (fp_line (start 2.7 -0.75) (end -2.7 -0.75) (layer F.SilkS) (width 0.15))
    (fp_line (start -2.7 -0.75) (end -2.7 0.75) (layer F.SilkS) (width 0.15))
    (fp_line (start -2.7 0.75) (end 2.7 0.75) (layer F.SilkS) (width 0.15))
    (fp_line (start 2.7 0.75) (end 2.7 -0.75) (layer F.SilkS) (width 0.15))
    (fp_line (start 2.7 -0.75) (end -2.7 -0.75) (layer B.SilkS) (width 0.15))
    (fp_line (start -2.7 -0.75) (end -2.7 0.75) (layer B.SilkS) (width 0.15))
    (fp_line (start -2.7 0.75) (end 2.7 0.75) (layer B.SilkS) (width 0.15))
    (fp_line (start 2.7 0.75) (end 2.7 -0.75) (layer B.SilkS) (width 0.15))
    (pad 2 smd rect (at 1.775 0 270) (size 1.3 0.95) (layers F.Cu F.Paste F.Mask)
      (net 10 "Net-(D4-Pad2)"))
    (pad 2 thru_hole circle (at 3.81 0 270) (size 1.397 1.397) (drill 0.8128) (layers *.Cu *.Mask F.SilkS)
      (net 10 "Net-(D4-Pad2)"))
    (pad 1 thru_hole rect (at -3.81 0 270) (size 1.397 1.397) (drill 0.8128) (layers *.Cu *.Mask F.SilkS)
      (net 6 row0))
    (pad 1 smd rect (at -1.775 0 270) (size 1.3 0.95) (layers B.Cu B.Paste B.Mask)
      (net 6 row0))
    (pad 2 smd rect (at 1.775 0 270) (size 1.3 0.95) (layers B.Cu B.Paste B.Mask)
      (net 10 "Net-(D4-Pad2)"))
    (pad 1 smd rect (at -1.775 0 270) (size 1.3 0.95) (layers F.Cu F.Paste F.Mask)
      (net 6 row0))
    (model Diodes_SMD.3dshapes/SMB_Handsoldering.wrl
      (at (xyz 0 0 0))
      (scale (xyz 0.22 0.15 0.15))
      (rotate (xyz 0 0 180))
    )
  )

  (module swanmatch:D3_TH_SMD (layer F.Cu) (tedit 5B7FD767) (tstamp 5FB717B9)
    (at 121.3 32.1125 270)
    (descr "Resitance 3 pas")
    (tags R)
    (path /5FB93743)
    (autoplace_cost180 10)
    (fp_text reference D5 (at 0.55 0 90) (layer F.Fab) hide
      (effects (font (size 0.5 0.5) (thickness 0.125)))
    )
    (fp_text value D (at -0.55 0 90) (layer F.Fab) hide
      (effects (font (size 0.5 0.5) (thickness 0.125)))
    )
    (fp_line (start -0.4 0) (end 0.5 -0.5) (layer B.SilkS) (width 0.15))
    (fp_line (start 0.5 -0.5) (end 0.5 0.5) (layer B.SilkS) (width 0.15))
    (fp_line (start 0.5 0.5) (end -0.4 0) (layer B.SilkS) (width 0.15))
    (fp_line (start -0.5 -0.5) (end -0.5 0.5) (layer B.SilkS) (width 0.15))
    (fp_line (start -0.4 0) (end 0.5 -0.5) (layer F.SilkS) (width 0.15))
    (fp_line (start 0.5 -0.5) (end 0.5 0.5) (layer F.SilkS) (width 0.15))
    (fp_line (start 0.5 0.5) (end -0.4 0) (layer F.SilkS) (width 0.15))
    (fp_line (start -0.5 -0.5) (end -0.5 0.5) (layer F.SilkS) (width 0.15))
    (fp_line (start 2.7 -0.75) (end -2.7 -0.75) (layer F.SilkS) (width 0.15))
    (fp_line (start -2.7 -0.75) (end -2.7 0.75) (layer F.SilkS) (width 0.15))
    (fp_line (start -2.7 0.75) (end 2.7 0.75) (layer F.SilkS) (width 0.15))
    (fp_line (start 2.7 0.75) (end 2.7 -0.75) (layer F.SilkS) (width 0.15))
    (fp_line (start 2.7 -0.75) (end -2.7 -0.75) (layer B.SilkS) (width 0.15))
    (fp_line (start -2.7 -0.75) (end -2.7 0.75) (layer B.SilkS) (width 0.15))
    (fp_line (start -2.7 0.75) (end 2.7 0.75) (layer B.SilkS) (width 0.15))
    (fp_line (start 2.7 0.75) (end 2.7 -0.75) (layer B.SilkS) (width 0.15))
    (pad 2 smd rect (at 1.775 0 270) (size 1.3 0.95) (layers F.Cu F.Paste F.Mask)
      (net 11 "Net-(D5-Pad2)"))
    (pad 2 thru_hole circle (at 3.81 0 270) (size 1.397 1.397) (drill 0.8128) (layers *.Cu *.Mask F.SilkS)
      (net 11 "Net-(D5-Pad2)"))
    (pad 1 thru_hole rect (at -3.81 0 270) (size 1.397 1.397) (drill 0.8128) (layers *.Cu *.Mask F.SilkS)
      (net 6 row0))
    (pad 1 smd rect (at -1.775 0 270) (size 1.3 0.95) (layers B.Cu B.Paste B.Mask)
      (net 6 row0))
    (pad 2 smd rect (at 1.775 0 270) (size 1.3 0.95) (layers B.Cu B.Paste B.Mask)
      (net 11 "Net-(D5-Pad2)"))
    (pad 1 smd rect (at -1.775 0 270) (size 1.3 0.95) (layers F.Cu F.Paste F.Mask)
      (net 6 row0))
    (model Diodes_SMD.3dshapes/SMB_Handsoldering.wrl
      (at (xyz 0 0 0))
      (scale (xyz 0.22 0.15 0.15))
      (rotate (xyz 0 0 180))
    )
  )

  (module swanmatch:D3_TH_SMD (layer F.Cu) (tedit 5B7FD767) (tstamp 5FB717D3)
    (at 140.35 32.1125 270)
    (descr "Resitance 3 pas")
    (tags R)
    (path /5FB9374F)
    (autoplace_cost180 10)
    (fp_text reference D6 (at 0.55 0 90) (layer F.Fab) hide
      (effects (font (size 0.5 0.5) (thickness 0.125)))
    )
    (fp_text value D (at -0.55 0 90) (layer F.Fab) hide
      (effects (font (size 0.5 0.5) (thickness 0.125)))
    )
    (fp_line (start -0.4 0) (end 0.5 -0.5) (layer B.SilkS) (width 0.15))
    (fp_line (start 0.5 -0.5) (end 0.5 0.5) (layer B.SilkS) (width 0.15))
    (fp_line (start 0.5 0.5) (end -0.4 0) (layer B.SilkS) (width 0.15))
    (fp_line (start -0.5 -0.5) (end -0.5 0.5) (layer B.SilkS) (width 0.15))
    (fp_line (start -0.4 0) (end 0.5 -0.5) (layer F.SilkS) (width 0.15))
    (fp_line (start 0.5 -0.5) (end 0.5 0.5) (layer F.SilkS) (width 0.15))
    (fp_line (start 0.5 0.5) (end -0.4 0) (layer F.SilkS) (width 0.15))
    (fp_line (start -0.5 -0.5) (end -0.5 0.5) (layer F.SilkS) (width 0.15))
    (fp_line (start 2.7 -0.75) (end -2.7 -0.75) (layer F.SilkS) (width 0.15))
    (fp_line (start -2.7 -0.75) (end -2.7 0.75) (layer F.SilkS) (width 0.15))
    (fp_line (start -2.7 0.75) (end 2.7 0.75) (layer F.SilkS) (width 0.15))
    (fp_line (start 2.7 0.75) (end 2.7 -0.75) (layer F.SilkS) (width 0.15))
    (fp_line (start 2.7 -0.75) (end -2.7 -0.75) (layer B.SilkS) (width 0.15))
    (fp_line (start -2.7 -0.75) (end -2.7 0.75) (layer B.SilkS) (width 0.15))
    (fp_line (start -2.7 0.75) (end 2.7 0.75) (layer B.SilkS) (width 0.15))
    (fp_line (start 2.7 0.75) (end 2.7 -0.75) (layer B.SilkS) (width 0.15))
    (pad 2 smd rect (at 1.775 0 270) (size 1.3 0.95) (layers F.Cu F.Paste F.Mask)
      (net 12 "Net-(D6-Pad2)"))
    (pad 2 thru_hole circle (at 3.81 0 270) (size 1.397 1.397) (drill 0.8128) (layers *.Cu *.Mask F.SilkS)
      (net 12 "Net-(D6-Pad2)"))
    (pad 1 thru_hole rect (at -3.81 0 270) (size 1.397 1.397) (drill 0.8128) (layers *.Cu *.Mask F.SilkS)
      (net 6 row0))
    (pad 1 smd rect (at -1.775 0 270) (size 1.3 0.95) (layers B.Cu B.Paste B.Mask)
      (net 6 row0))
    (pad 2 smd rect (at 1.775 0 270) (size 1.3 0.95) (layers B.Cu B.Paste B.Mask)
      (net 12 "Net-(D6-Pad2)"))
    (pad 1 smd rect (at -1.775 0 270) (size 1.3 0.95) (layers F.Cu F.Paste F.Mask)
      (net 6 row0))
    (model Diodes_SMD.3dshapes/SMB_Handsoldering.wrl
      (at (xyz 0 0 0))
      (scale (xyz 0.22 0.15 0.15))
      (rotate (xyz 0 0 180))
    )
  )

  (module swanmatch:D3_TH_SMD (layer F.Cu) (tedit 5B7FD767) (tstamp 5FB717ED)
    (at 159.4 32.1125 270)
    (descr "Resitance 3 pas")
    (tags R)
    (path /5FB97A85)
    (autoplace_cost180 10)
    (fp_text reference D7 (at 0.55 0 90) (layer F.Fab) hide
      (effects (font (size 0.5 0.5) (thickness 0.125)))
    )
    (fp_text value D (at -0.55 0 90) (layer F.Fab) hide
      (effects (font (size 0.5 0.5) (thickness 0.125)))
    )
    (fp_line (start -0.4 0) (end 0.5 -0.5) (layer B.SilkS) (width 0.15))
    (fp_line (start 0.5 -0.5) (end 0.5 0.5) (layer B.SilkS) (width 0.15))
    (fp_line (start 0.5 0.5) (end -0.4 0) (layer B.SilkS) (width 0.15))
    (fp_line (start -0.5 -0.5) (end -0.5 0.5) (layer B.SilkS) (width 0.15))
    (fp_line (start -0.4 0) (end 0.5 -0.5) (layer F.SilkS) (width 0.15))
    (fp_line (start 0.5 -0.5) (end 0.5 0.5) (layer F.SilkS) (width 0.15))
    (fp_line (start 0.5 0.5) (end -0.4 0) (layer F.SilkS) (width 0.15))
    (fp_line (start -0.5 -0.5) (end -0.5 0.5) (layer F.SilkS) (width 0.15))
    (fp_line (start 2.7 -0.75) (end -2.7 -0.75) (layer F.SilkS) (width 0.15))
    (fp_line (start -2.7 -0.75) (end -2.7 0.75) (layer F.SilkS) (width 0.15))
    (fp_line (start -2.7 0.75) (end 2.7 0.75) (layer F.SilkS) (width 0.15))
    (fp_line (start 2.7 0.75) (end 2.7 -0.75) (layer F.SilkS) (width 0.15))
    (fp_line (start 2.7 -0.75) (end -2.7 -0.75) (layer B.SilkS) (width 0.15))
    (fp_line (start -2.7 -0.75) (end -2.7 0.75) (layer B.SilkS) (width 0.15))
    (fp_line (start -2.7 0.75) (end 2.7 0.75) (layer B.SilkS) (width 0.15))
    (fp_line (start 2.7 0.75) (end 2.7 -0.75) (layer B.SilkS) (width 0.15))
    (pad 2 smd rect (at 1.775 0 270) (size 1.3 0.95) (layers F.Cu F.Paste F.Mask)
      (net 13 "Net-(D7-Pad2)"))
    (pad 2 thru_hole circle (at 3.81 0 270) (size 1.397 1.397) (drill 0.8128) (layers *.Cu *.Mask F.SilkS)
      (net 13 "Net-(D7-Pad2)"))
    (pad 1 thru_hole rect (at -3.81 0 270) (size 1.397 1.397) (drill 0.8128) (layers *.Cu *.Mask F.SilkS)
      (net 6 row0))
    (pad 1 smd rect (at -1.775 0 270) (size 1.3 0.95) (layers B.Cu B.Paste B.Mask)
      (net 6 row0))
    (pad 2 smd rect (at 1.775 0 270) (size 1.3 0.95) (layers B.Cu B.Paste B.Mask)
      (net 13 "Net-(D7-Pad2)"))
    (pad 1 smd rect (at -1.775 0 270) (size 1.3 0.95) (layers F.Cu F.Paste F.Mask)
      (net 6 row0))
    (model Diodes_SMD.3dshapes/SMB_Handsoldering.wrl
      (at (xyz 0 0 0))
      (scale (xyz 0.22 0.15 0.15))
      (rotate (xyz 0 0 180))
    )
  )

  (module swanmatch:D3_TH_SMD (layer F.Cu) (tedit 5B7FD767) (tstamp 5FB71807)
    (at 178.45 32.1125 270)
    (descr "Resitance 3 pas")
    (tags R)
    (path /5FB97A91)
    (autoplace_cost180 10)
    (fp_text reference D8 (at 0.55 0 90) (layer F.Fab) hide
      (effects (font (size 0.5 0.5) (thickness 0.125)))
    )
    (fp_text value D (at -0.55 0 90) (layer F.Fab) hide
      (effects (font (size 0.5 0.5) (thickness 0.125)))
    )
    (fp_line (start 2.7 0.75) (end 2.7 -0.75) (layer B.SilkS) (width 0.15))
    (fp_line (start -2.7 0.75) (end 2.7 0.75) (layer B.SilkS) (width 0.15))
    (fp_line (start -2.7 -0.75) (end -2.7 0.75) (layer B.SilkS) (width 0.15))
    (fp_line (start 2.7 -0.75) (end -2.7 -0.75) (layer B.SilkS) (width 0.15))
    (fp_line (start 2.7 0.75) (end 2.7 -0.75) (layer F.SilkS) (width 0.15))
    (fp_line (start -2.7 0.75) (end 2.7 0.75) (layer F.SilkS) (width 0.15))
    (fp_line (start -2.7 -0.75) (end -2.7 0.75) (layer F.SilkS) (width 0.15))
    (fp_line (start 2.7 -0.75) (end -2.7 -0.75) (layer F.SilkS) (width 0.15))
