(kicad_pcb (version 20171130) (host pcbnew 5.1.8)

  (general
    (thickness 1.6)
    (drawings 1232)
    (tracks 1071)
    (zones 0)
    (modules 121)
    (nets 80)
  )

  (page A4)
  (layers
    (0 F.Cu signal)
    (31 B.Cu signal)
    (32 B.Adhes user)
    (33 F.Adhes user)
    (34 B.Paste user)
    (35 F.Paste user)
    (36 B.SilkS user)
    (37 F.SilkS user)
    (38 B.Mask user)
    (39 F.Mask user)
    (40 Dwgs.User user)
    (41 Cmts.User user)
    (42 Eco1.User user)
    (43 Eco2.User user)
    (44 Edge.Cuts user)
    (45 Margin user)
    (46 B.CrtYd user)
    (47 F.CrtYd user)
    (48 B.Fab user)
    (49 F.Fab user)
  )

  (setup
    (last_trace_width 0.25)
    (trace_clearance 0.2)
    (zone_clearance 0.508)
    (zone_45_only no)
    (trace_min 0.2)
    (via_size 0.6)
    (via_drill 0.4)
    (via_min_size 0.4)
    (via_min_drill 0.3)
    (uvia_size 0.3)
    (uvia_drill 0.1)
    (uvias_allowed no)
    (uvia_min_size 0.2)
    (uvia_min_drill 0.1)
    (edge_width 0.2)
    (segment_width 0.2)
    (pcb_text_width 0.3)
    (pcb_text_size 1.5 1.5)
    (mod_edge_width 0.12)
    (mod_text_size 1 1)
    (mod_text_width 0.15)
    (pad_size 1.4 1.2)
    (pad_drill 0)
    (pad_to_mask_clearance 0)
    (aux_axis_origin 0 0)
    (grid_origin 128.5875 92.86875)
    (visible_elements FFFFFF7F)
    (pcbplotparams
      (layerselection 0x0ddfc_ffffffff)
      (usegerberextensions false)
      (usegerberattributes true)
      (usegerberadvancedattributes true)
      (creategerberjobfile true)
      (excludeedgelayer true)
      (linewidth 0.100000)
      (plotframeref false)
      (viasonmask false)
      (mode 1)
      (useauxorigin false)
      (hpglpennumber 1)
      (hpglpenspeed 20)
      (hpglpendiameter 15.000000)
      (psnegative false)
      (psa4output false)
      (plotreference true)
      (plotvalue true)
      (plotinvisibletext false)
      (padsonsilk false)
      (subtractmaskfromsilk false)
      (outputformat 3)
      (mirror false)
      (drillshape 0)
      (scaleselection 1)
      (outputdirectory "/home/mikamo/Documents/manaita/"))
  )

  (net 0 "")
  (net 1 GND)
  (net 2 "Net-(C1-Pad1)")
  (net 3 "Net-(C2-Pad1)")
  (net 4 "Net-(C3-Pad1)")
  (net 5 +5V)
  (net 6 row0)
  (net 7 "Net-(D1-Pad2)")
  (net 8 "Net-(D2-Pad2)")
  (net 9 "Net-(D3-Pad2)")
  (net 10 "Net-(D4-Pad2)")
  (net 11 "Net-(D5-Pad2)")
  (net 12 "Net-(D6-Pad2)")
  (net 13 "Net-(D7-Pad2)")
  (net 14 "Net-(D8-Pad2)")
  (net 15 "Net-(D9-Pad2)")
  (net 16 "Net-(D10-Pad2)")
  (net 17 "Net-(D11-Pad2)")
  (net 18 "Net-(D12-Pad2)")
  (net 19 "Net-(D13-Pad2)")
  (net 20 "Net-(D14-Pad2)")
  (net 21 row1)
  (net 22 "Net-(D15-Pad2)")
  (net 23 "Net-(D16-Pad2)")
  (net 24 "Net-(D17-Pad2)")
  (net 25 "Net-(D18-Pad2)")
  (net 26 "Net-(D19-Pad2)")
  (net 27 "Net-(D20-Pad2)")
  (net 28 "Net-(D21-Pad2)")
  (net 29 "Net-(D22-Pad2)")
  (net 30 "Net-(D23-Pad2)")
  (net 31 "Net-(D24-Pad2)")
  (net 32 "Net-(D25-Pad2)")
  (net 33 row2)
  (net 34 "Net-(D26-Pad2)")
  (net 35 "Net-(D27-Pad2)")
  (net 36 "Net-(D28-Pad2)")
  (net 37 "Net-(D29-Pad2)")
  (net 38 "Net-(D30-Pad2)")
  (net 39 "Net-(D31-Pad2)")
  (net 40 "Net-(D32-Pad2)")
  (net 41 "Net-(D33-Pad2)")
  (net 42 "Net-(D34-Pad2)")
  (net 43 "Net-(D35-Pad2)")
  (net 44 "Net-(D36-Pad2)")
  (net 45 "Net-(D37-Pad2)")
  (net 46 "Net-(D38-Pad2)")
  (net 47 row3)
  (net 48 "Net-(D39-Pad2)")
  (net 49 "Net-(D40-Pad2)")
  (net 50 "Net-(D41-Pad2)")
  (net 51 col1)
  (net 52 "Net-(J2-Pad1)")
  (net 53 col2)
  (net 54 col3)
  (net 55 D+)
  (net 56 "Net-(R2-Pad1)")
  (net 57 "Net-(R3-Pad1)")
  (net 58 D-)
  (net 59 "Net-(R4-Pad2)")
  (net 60 col0)
  (net 61 col4)
  (net 62 col5)
  (net 63 col6)
  (net 64 col7)
  (net 65 col8)
  (net 66 col9)
  (net 67 col10)
  (net 68 col12)
  (net 69 col11)
  (net 70 "Net-(U1-Pad18)")
  (net 71 "Net-(U1-Pad19)")
  (net 72 "Net-(U1-Pad22)")
  (net 73 "Net-(U1-Pad42)")
  (net 74 "Net-(U1-Pad20)")
  (net 75 "Net-(U1-Pad21)")
  (net 76 "Net-(F1-Pad1)")
  (net 77 "Net-(U1-Pad12)")
  (net 78 "Net-(U1-Pad26)")
  (net 79 "Net-(U1-Pad27)")

  (net_class Default "これはデフォルトのネット クラスです。"
    (clearance 0.2)
    (trace_width 0.25)
    (via_dia 0.6)
    (via_drill 0.4)
    (uvia_dia 0.3)
    (uvia_drill 0.1)
    (add_net D+)
    (add_net D-)
    (add_net "Net-(C1-Pad1)")
    (add_net "Net-(C2-Pad1)")
    (add_net "Net-(C3-Pad1)")
    (add_net "Net-(D1-Pad2)")
    (add_net "Net-(D10-Pad2)")
    (add_net "Net-(D11-Pad2)")
    (add_net "Net-(D12-Pad2)")
    (add_net "Net-(D13-Pad2)")
    (add_net "Net-(D14-Pad2)")
    (add_net "Net-(D15-Pad2)")
    (add_net "Net-(D16-Pad2)")
    (add_net "Net-(D17-Pad2)")
    (add_net "Net-(D18-Pad2)")
    (add_net "Net-(D19-Pad2)")
    (add_net "Net-(D2-Pad2)")
    (add_net "Net-(D20-Pad2)")
    (add_net "Net-(D21-Pad2)")
    (add_net "Net-(D22-Pad2)")
    (add_net "Net-(D23-Pad2)")
    (add_net "Net-(D24-Pad2)")
    (add_net "Net-(D25-Pad2)")
    (add_net "Net-(D26-Pad2)")
    (add_net "Net-(D27-Pad2)")
    (add_net "Net-(D28-Pad2)")
    (add_net "Net-(D29-Pad2)")
    (add_net "Net-(D3-Pad2)")
    (add_net "Net-(D30-Pad2)")
    (add_net "Net-(D31-Pad2)")
    (add_net "Net-(D32-Pad2)")
    (add_net "Net-(D33-Pad2)")
    (add_net "Net-(D34-Pad2)")
    (add_net "Net-(D35-Pad2)")
    (add_net "Net-(D36-Pad2)")
    (add_net "Net-(D37-Pad2)")
    (add_net "Net-(D38-Pad2)")
    (add_net "Net-(D39-Pad2)")
    (add_net "Net-(D4-Pad2)")
    (add_net "Net-(D40-Pad2)")
    (add_net "Net-(D41-Pad2)")
    (add_net "Net-(D5-Pad2)")
    (add_net "Net-(D6-Pad2)")
    (add_net "Net-(D7-Pad2)")
    (add_net "Net-(D8-Pad2)")
    (add_net "Net-(D9-Pad2)")
    (add_net "Net-(F1-Pad1)")
    (add_net "Net-(J2-Pad1)")
    (add_net "Net-(R2-Pad1)")
    (add_net "Net-(R3-Pad1)")
    (add_net "Net-(R4-Pad2)")
    (add_net "Net-(U1-Pad12)")
    (add_net "Net-(U1-Pad18)")
    (add_net "Net-(U1-Pad19)")
    (add_net "Net-(U1-Pad20)")
    (add_net "Net-(U1-Pad21)")
    (add_net "Net-(U1-Pad22)")
    (add_net "Net-(U1-Pad26)")
    (add_net "Net-(U1-Pad27)")
    (add_net "Net-(U1-Pad42)")
    (add_net col0)
    (add_net col1)
    (add_net col10)
    (add_net col11)
    (add_net col12)
    (add_net col2)
    (add_net col3)
    (add_net col4)
    (add_net col5)
    (add_net col6)
    (add_net col7)
    (add_net col8)
    (add_net col9)
    (add_net row0)
    (add_net row1)
    (add_net row2)
    (add_net row3)
  )

  (net_class GND ""
    (clearance 0.2)
    (trace_width 0.5)
    (via_dia 0.8)
    (via_drill 0.4)
    (uvia_dia 0.3)
    (uvia_drill 0.1)
    (add_net GND)
  )

  (net_class VCC ""
    (clearance 0.2)
    (trace_width 0.5)
    (via_dia 0.8)
    (via_drill 0.4)
    (uvia_dia 0.3)
    (uvia_drill 0.1)
    (add_net +5V)
  )

  (module swanmatch:Crystal_SMD_3225-4pin_3.2x2.5mm (layer B.Cu) (tedit 5FC3B93D) (tstamp 5FBBE874)
    (at 125.209 15.0455 225)
    (descr "SMD Crystal SERIES SMD3225/4 http://www.txccrystal.com/images/pdf/7m-accuracy.pdf, 3.2x2.5mm^2 package")
    (tags "SMD SMT crystal")
    (path /5FB631EB)
    (attr smd)
    (fp_text reference Y1 (at 0 2.450001 225) (layer B.SilkS) hide
      (effects (font (size 1 1) (thickness 0.15)) (justify mirror))
    )
    (fp_text value Crystal_GND24_Small (at -3.5 0.2 45) (layer B.SilkS)
      (effects (font (size 1 1) (thickness 0.15)) (justify mirror))
    )
    (fp_line (start 2.1 1.7) (end -2.1 1.7) (layer B.CrtYd) (width 0.05))
    (fp_line (start 2.1 -1.7) (end 2.1 1.7) (layer B.CrtYd) (width 0.05))
    (fp_line (start -2.1 -1.7) (end 2.1 -1.7) (layer B.CrtYd) (width 0.05))
    (fp_line (start -2.1 1.7) (end -2.1 -1.7) (layer B.CrtYd) (width 0.05))
    (fp_line (start -2 -1.65) (end 2 -1.65) (layer B.SilkS) (width 0.12))
    (fp_line (start -2 1.65) (end -2 -1.65) (layer B.SilkS) (width 0.12))
    (fp_line (start -1.6 -0.25) (end -0.6 -1.25) (layer B.Fab) (width 0.1))
    (fp_line (start 1.6 1.25) (end -1.6 1.25) (layer B.Fab) (width 0.1))
    (fp_line (start 1.6 -1.25) (end 1.6 1.25) (layer B.Fab) (width 0.1))
    (fp_line (start -1.6 -1.25) (end 1.6 -1.25) (layer B.Fab) (width 0.1))
    (fp_line (start -1.6 1.25) (end -1.6 -1.25) (layer B.Fab) (width 0.1))
    (fp_text user %R (at 0 0 225) (layer B.Fab)
      (effects (font (size 0.7 0.7) (thickness 0.105)) (justify mirror))
    )
    (pad 4 smd rect (at -1.1 0.85 225) (size 1.4 1.2) (layers B.Cu B.Paste B.Mask)
      (net 1 GND))
    (pad 3 smd rect (at 1.1 0.85 225) (size 1.4 1.2) (layers B.Cu B.Paste B.Mask)
      (net 3 "Net-(C2-Pad1)"))
    (pad 2 smd rect (at 1.1 -0.85 225) (size 1.4 1.2) (layers B.Cu B.Paste B.Mask)
      (net 1 GND))
    (pad 1 smd rect (at -1.1 -0.85 225) (size 1.4 1.2) (layers B.Cu B.Paste B.Mask)
      (net 2 "Net-(C1-Pad1)"))
    (model ${KISYS3DMOD}/Crystals.3dshapes/Crystal_SMD_3225-4pin_3.2x2.5mm.wrl
      (at (xyz 0 0 0))
      (scale (xyz 1 1 1))
      (rotate (xyz 0 0 0))
    )
  )

  (module swanmatch:SpacerHole locked (layer F.Cu) (tedit 5CC5B725) (tstamp 5FC381F1)
    (at 64.2937 83.8438)
    (descr "Mounting Hole 2.2mm, no annular, M2")
    (tags "mounting hole 2.2mm no annular m2")
    (attr virtual)
    (fp_text reference RefH4 (at -0.95 -0.55) (layer F.Fab) hide
      (effects (font (size 1 1) (thickness 0.15)))
    )
    (fp_text value Val** (at 0 0.55) (layer F.Fab) hide
      (effects (font (size 1 1) (thickness 0.15)))
    )
    (pad "" thru_hole circle (at 0 0) (size 4.8 4.8) (drill 4.8) (layers *.Cu *.Mask))
  )

  (module swanmatch:SpacerHole locked (layer F.Cu) (tedit 5CC5B725) (tstamp 5FC381F1)
    (at 140.494 63.7938)
    (descr "Mounting Hole 2.2mm, no annular, M2")
    (tags "mounting hole 2.2mm no annular m2")
    (attr virtual)
    (fp_text reference RefH3 (at -0.95 -0.55) (layer F.Fab) hide
      (effects (font (size 1 1) (thickness 0.15)))
    )
    (fp_text value Val** (at 0 0.55) (layer F.Fab) hide
      (effects (font (size 1 1) (thickness 0.15)))
    )
    (pad "" thru_hole circle (at 0 0) (size 4.8 4.8) (drill 4.8) (layers *.Cu *.Mask))
  )

  (module swanmatch:SpacerHole locked (layer F.Cu) (tedit 5CC5B725) (tstamp 5FC381F1)
    (at 216.654 83.8438)
    (descr "Mounting Hole 2.2mm, no annular, M2")
    (tags "mounting hole 2.2mm no annular m2")
    (attr virtual)
    (fp_text reference RefH5 (at -0.95 -0.55) (layer F.Fab) hide
      (effects (font (size 1 1) (thickness 0.15)))
    )
    (fp_text value Val** (at 0 0.55) (layer F.Fab) hide
      (effects (font (size 1 1) (thickness 0.15)))
    )
    (pad "" thru_hole circle (at 0 0) (size 4.8 4.8) (drill 4.8) (layers *.Cu *.Mask))
  )

  (module swanmatch:SpacerHole locked (layer F.Cu) (tedit 5CC5B725) (tstamp 5FC381F1)
    (at 230.981 44.7437)
    (descr "Mounting Hole 2.2mm, no annular, M2")
    (tags "mounting hole 2.2mm no annular m2")
    (attr virtual)
    (fp_text reference RefH2 (at -0.95 -0.55) (layer F.Fab) hide
      (effects (font (size 1 1) (thickness 0.15)))
    )
    (fp_text value Val** (at 0 0.55) (layer F.Fab) hide
      (effects (font (size 1 1) (thickness 0.15)))
    )
    (pad "" thru_hole circle (at 0 0) (size 4.8 4.8) (drill 4.8) (layers *.Cu *.Mask))
  )

  (module swanmatch:SpacerHole locked (layer F.Cu) (tedit 5CC5B725) (tstamp 5FC381F1)
    (at 59.5312 44.7437)
    (descr "Mounting Hole 2.2mm, no annular, M2")
    (tags "mounting hole 2.2mm no annular m2")
    (attr virtual)
    (fp_text reference RefH1 (at -0.95 -0.55) (layer F.Fab) hide
      (effects (font (size 1 1) (thickness 0.15)))
    )
    (fp_text value Val** (at 0 0.55) (layer F.Fab) hide
      (effects (font (size 1 1) (thickness 0.15)))
    )
    (pad "" thru_hole circle (at 0 0) (size 4.8 4.8) (drill 4.8) (layers *.Cu *.Mask))
  )

  (module swanmatch:M2hole locked (layer F.Cu) (tedit 5CF02416) (tstamp 5FC381BE)
    (at 226.219 83.3438)
    (descr "Mounting Hole 2.2mm, M2")
    (tags "mounting hole 2.2mm m2")
    (fp_text reference JH6 (at 0 -3.2) (layer F.SilkS) hide
      (effects (font (size 1 1) (thickness 0.15)))
    )
    (fp_text value Conn_01x01 (at 0 3.2) (layer F.Fab)
      (effects (font (size 1 1) (thickness 0.15)))
    )
    (fp_circle (center 0 0) (end 2.2 0) (layer Cmts.User) (width 0.15))
    (fp_circle (center 0 0) (end 2.45 0) (layer F.CrtYd) (width 0.05))
    (pad 1 thru_hole circle (at 0 0) (size 3.47 3.47) (drill 2.2) (layers *.Cu *.Mask))
  )

  (module swanmatch:M2hole locked (layer F.Cu) (tedit 5CF02416) (tstamp 5FC381BE)
    (at 54.7687 83.3438)
    (descr "Mounting Hole 2.2mm, M2")
    (tags "mounting hole 2.2mm m2")
    (fp_text reference JH5 (at 0 -3.2) (layer F.SilkS) hide
      (effects (font (size 1 1) (thickness 0.15)))
    )
    (fp_text value Conn_01x01 (at 0 3.2) (layer F.Fab)
      (effects (font (size 1 1) (thickness 0.15)))
    )
    (fp_circle (center 0 0) (end 2.2 0) (layer Cmts.User) (width 0.15))
    (fp_circle (center 0 0) (end 2.45 0) (layer F.CrtYd) (width 0.05))
    (pad 1 thru_hole circle (at 0 0) (size 3.47 3.47) (drill 2.2) (layers *.Cu *.Mask))
  )

  (module swanmatch:M2hole locked (layer F.Cu) (tedit 5CF02416) (tstamp 5FC381BE)
    (at 159.544 64.2938)
    (descr "Mounting Hole 2.2mm, M2")
    (tags "mounting hole 2.2mm m2")
    (fp_text reference JH4 (at 0 -3.2) (layer F.SilkS) hide
      (effects (font (size 1 1) (thickness 0.15)))
    )
    (fp_text value Conn_01x01 (at 0 3.2) (layer F.Fab)
      (effects (font (size 1 1) (thickness 0.15)))
    )
    (fp_circle (center 0 0) (end 2.2 0) (layer Cmts.User) (width 0.15))
    (fp_circle (center 0 0) (end 2.45 0) (layer F.CrtYd) (width 0.05))
    (pad 1 thru_hole circle (at 0 0) (size 3.47 3.47) (drill 2.2) (layers *.Cu *.Mask))
  )

  (module swanmatch:M2hole locked (layer F.Cu) (tedit 5CF02416) (tstamp 5FC381BE)
    (at 121.444 64.2938)
    (descr "Mounting Hole 2.2mm, M2")
    (tags "mounting hole 2.2mm m2")
    (fp_text reference JH3 (at 0 -3.2) (layer F.SilkS) hide
      (effects (font (size 1 1) (thickness 0.15)))
    )
    (fp_text value Conn_01x01 (at 0 3.2) (layer F.Fab)
      (effects (font (size 1 1) (thickness 0.15)))
    )
    (fp_circle (center 0 0) (end 2.2 0) (layer Cmts.User) (width 0.15))
    (fp_circle (center 0 0) (end 2.45 0) (layer F.CrtYd) (width 0.05))
    (pad 1 thru_hole circle (at 0 0) (size 3.47 3.47) (drill 2.2) (layers *.Cu *.Mask))
  )

  (module swanmatch:M2hole locked (layer F.Cu) (tedit 5CF02416) (tstamp 5FC381BE)
    (at 250.031 45.2438)
    (descr "Mounting Hole 2.2mm, M2")
    (tags "mounting hole 2.2mm m2")
    (fp_text reference JH2 (at 0 -3.2) (layer F.SilkS) hide
      (effects (font (size 1 1) (thickness 0.15)))
    )
    (fp_text value Conn_01x01 (at 0 3.2) (layer F.Fab)
      (effects (font (size 1 1) (thickness 0.15)))
    )
    (fp_circle (center 0 0) (end 2.2 0) (layer Cmts.User) (width 0.15))
    (fp_circle (center 0 0) (end 2.45 0) (layer F.CrtYd) (width 0.05))
    (pad 1 thru_hole circle (at 0 0) (size 3.47 3.47) (drill 2.2) (layers *.Cu *.Mask))
  )

  (module swanmatch:M2hole locked (layer F.Cu) (tedit 5CF02416) (tstamp 5FC37ADD)
    (at 40.4812 45.2438)
    (descr "Mounting Hole 2.2mm, M2")
    (tags "mounting hole 2.2mm m2")
    (fp_text reference JH1 (at 0 -3.2) (layer F.SilkS) hide
      (effects (font (size 1 1) (thickness 0.15)))
    )
    (fp_text value Conn_01x01 (at 0 3.2) (layer F.Fab)
      (effects (font (size 1 1) (thickness 0.15)))
    )
    (fp_circle (center 0 0) (end 2.2 0) (layer Cmts.User) (width 0.15))
    (fp_circle (center 0 0) (end 2.45 0) (layer F.CrtYd) (width 0.05))
    (pad 1 thru_hole circle (at 0 0) (size 3.47 3.47) (drill 2.2) (layers *.Cu *.Mask))
  )

  (module Package_QFP:TQFP-44_10x10mm_P0.8mm (layer B.Cu) (tedit 5FB9574F) (tstamp 5FBBE813)
    (at 135.488 20.0688 45)
    (descr "44-Lead Plastic Thin Quad Flatpack (PT) - 10x10x1.0 mm Body [TQFP] (see Microchip Packaging Specification 00000049BS.pdf)")
    (tags "QFP 0.8")
    (path /5FB3A633)
    (attr smd)
    (fp_text reference U1 (at 0 7.45 45) (layer B.SilkS) hide
      (effects (font (size 1 1) (thickness 0.15)) (justify mirror))
    )
    (fp_text value ATmega32U4-AU (at 7.75 -0.25 -225) (layer B.SilkS)
      (effects (font (size 1 1) (thickness 0.15)) (justify mirror))
    )
    (fp_circle (center -6.1 6.1) (end -5.6 6.1) (layer B.SilkS) (width 0.12))
    (fp_line (start -4 5) (end 5 5) (layer B.Fab) (width 0.15))
    (fp_line (start 5 5) (end 5 -5) (layer B.Fab) (width 0.15))
    (fp_line (start 5 -5) (end -5 -5) (layer B.Fab) (width 0.15))
    (fp_line (start -5 -5) (end -5 4) (layer B.Fab) (width 0.15))
    (fp_line (start -5 4) (end -4 5) (layer B.Fab) (width 0.15))
    (fp_line (start -6.7 6.7) (end -6.7 -6.7) (layer B.CrtYd) (width 0.05))
    (fp_line (start 6.7 6.7) (end 6.7 -6.7) (layer B.CrtYd) (width 0.05))
    (fp_line (start -6.7 6.7) (end 6.7 6.7) (layer B.CrtYd) (width 0.05))
    (fp_line (start -6.7 -6.7) (end 6.7 -6.7) (layer B.CrtYd) (width 0.05))
    (fp_line (start -5.175 5.175) (end -5.175 4.6) (layer B.SilkS) (width 0.15))
    (fp_line (start 5.175 5.175) (end 5.175 4.5) (layer B.SilkS) (width 0.15))
    (fp_line (start 5.175 -5.175) (end 5.175 -4.5) (layer B.SilkS) (width 0.15))
    (fp_line (start -5.175 -5.175) (end -5.175 -4.5) (layer B.SilkS) (width 0.15))
    (fp_line (start -5.175 5.175) (end -4.5 5.175) (layer B.SilkS) (width 0.15))
    (fp_line (start -5.175 -5.175) (end -4.5 -5.175) (layer B.SilkS) (width 0.15))
    (fp_line (start 5.175 -5.175) (end 4.5 -5.175) (layer B.SilkS) (width 0.15))
    (fp_line (start 5.175 5.175) (end 4.5 5.175) (layer B.SilkS) (width 0.15))
    (fp_line (start -5.175 4.6) (end -6.45 4.6) (layer B.SilkS) (width 0.15))
    (fp_text user %R (at 5.75 3.5 45) (layer B.Fab)
      (effects (font (size 1 1) (thickness 0.15)) (justify mirror))
    )
    (pad 1 smd rect (at -5.7 4 45) (size 1.5 0.55) (layers B.Cu B.Paste B.Mask)
      (net 60 col0))
    (pad 2 smd rect (at -5.7 3.2 45) (size 1.5 0.55) (layers B.Cu B.Paste B.Mask)
      (net 5 +5V))
    (pad 3 smd rect (at -5.7 2.4 45) (size 1.5 0.55) (layers B.Cu B.Paste B.Mask)
      (net 57 "Net-(R3-Pad1)"))
    (pad 4 smd rect (at -5.7 1.6 45) (size 1.5 0.55) (layers B.Cu B.Paste B.Mask)
      (net 56 "Net-(R2-Pad1)"))
    (pad 5 smd rect (at -5.7 0.8 45) (size 1.5 0.55) (layers B.Cu B.Paste B.Mask)
      (net 1 GND))
    (pad 6 smd rect (at -5.7 0 45) (size 1.5 0.55) (layers B.Cu B.Paste B.Mask)
      (net 4 "Net-(C3-Pad1)"))
    (pad 7 smd rect (at -5.7 -0.8 45) (size 1.5 0.55) (layers B.Cu B.Paste B.Mask)
      (net 5 +5V))
    (pad 8 smd rect (at -5.7 -1.6 45) (size 1.5 0.55) (layers B.Cu B.Paste B.Mask)
      (net 47 row3))
    (pad 9 smd rect (at -5.7 -2.4 45) (size 1.5 0.55) (layers B.Cu B.Paste B.Mask)
      (net 33 row2))
    (pad 10 smd rect (at -5.7 -3.2 45) (size 1.5 0.55) (layers B.Cu B.Paste B.Mask)
      (net 21 row1))
    (pad 11 smd rect (at -5.7 -4 45) (size 1.5 0.55) (layers B.Cu B.Paste B.Mask)
      (net 6 row0))
    (pad 12 smd rect (at -4 -5.7 315) (size 1.5 0.55) (layers B.Cu B.Paste B.Mask)
      (net 77 "Net-(U1-Pad12)"))
    (pad 13 smd rect (at -3.2 -5.7 315) (size 1.5 0.55) (layers B.Cu B.Paste B.Mask)
      (net 52 "Net-(J2-Pad1)"))
    (pad 14 smd rect (at -2.4 -5.7 315) (size 1.5 0.55) (layers B.Cu B.Paste B.Mask)
      (net 5 +5V))
    (pad 15 smd rect (at -1.6 -5.7 315) (size 1.5 0.55) (layers B.Cu B.Paste B.Mask)
      (net 1 GND))
    (pad 16 smd rect (at -0.8 -5.7 315) (size 1.5 0.55) (layers B.Cu B.Paste B.Mask)
      (net 3 "Net-(C2-Pad1)"))
    (pad 17 smd rect (at 0 -5.7 315) (size 1.5 0.55) (layers B.Cu B.Paste B.Mask)
      (net 2 "Net-(C1-Pad1)"))
    (pad 18 smd rect (at 0.8 -5.7 315) (size 1.5 0.55) (layers B.Cu B.Paste B.Mask)
      (net 70 "Net-(U1-Pad18)"))
    (pad 19 smd rect (at 1.6 -5.7 315) (size 1.5 0.55) (layers B.Cu B.Paste B.Mask)
      (net 71 "Net-(U1-Pad19)"))
    (pad 20 smd rect (at 2.4 -5.7 315) (size 1.5 0.55) (layers B.Cu B.Paste B.Mask)
      (net 74 "Net-(U1-Pad20)"))
    (pad 21 smd rect (at 3.2 -5.7 315) (size 1.5 0.55) (layers B.Cu B.Paste B.Mask)
      (net 75 "Net-(U1-Pad21)"))
    (pad 22 smd rect (at 4 -5.7 315) (size 1.5 0.55) (layers B.Cu B.Paste B.Mask)
      (net 72 "Net-(U1-Pad22)"))
    (pad 23 smd rect (at 5.7 -4 45) (size 1.5 0.55) (layers B.Cu B.Paste B.Mask)
      (net 1 GND))
    (pad 24 smd rect (at 5.7 -3.2 45) (size 1.5 0.55) (layers B.Cu B.Paste B.Mask)
      (net 5 +5V))
    (pad 25 smd rect (at 5.7 -2.4 45) (size 1.5 0.55) (layers B.Cu B.Paste B.Mask)
      (net 68 col12))
    (pad 26 smd rect (at 5.7 -1.6 45) (size 1.5 0.55) (layers B.Cu B.Paste B.Mask)
      (net 78 "Net-(U1-Pad26)"))
    (pad 27 smd rect (at 5.7 -0.8 45) (size 1.5 0.55) (layers B.Cu B.Paste B.Mask)
      (net 79 "Net-(U1-Pad27)"))
    (pad 28 smd rect (at 5.7 0 45) (size 1.5 0.55) (layers B.Cu B.Paste B.Mask)
      (net 69 col11))
    (pad 29 smd rect (at 5.7 0.8 45) (size 1.5 0.55) (layers B.Cu B.Paste B.Mask)
      (net 67 col10))
    (pad 30 smd rect (at 5.7 1.6 45) (size 1.5 0.55) (layers B.Cu B.Paste B.Mask)
      (net 66 col9))
    (pad 31 smd rect (at 5.7 2.4 45) (size 1.5 0.55) (layers B.Cu B.Paste B.Mask)
      (net 65 col8))
    (pad 32 smd rect (at 5.7 3.2 45) (size 1.5 0.55) (layers B.Cu B.Paste B.Mask)
      (net 64 col7))
    (pad 33 smd rect (at 5.7 4 45) (size 1.5 0.55) (layers B.Cu B.Paste B.Mask)
      (net 59 "Net-(R4-Pad2)"))
    (pad 34 smd rect (at 4 5.7 315) (size 1.5 0.55) (layers B.Cu B.Paste B.Mask)
      (net 5 +5V))
    (pad 35 smd rect (at 3.2 5.7 315) (size 1.5 0.55) (layers B.Cu B.Paste B.Mask)
      (net 1 GND))
    (pad 36 smd rect (at 2.4 5.7 315) (size 1.5 0.55) (layers B.Cu B.Paste B.Mask)
      (net 63 col6))
    (pad 37 smd rect (at 1.6 5.7 315) (size 1.5 0.55) (layers B.Cu B.Paste B.Mask)
      (net 62 col5))
    (pad 38 smd rect (at 0.8 5.7 315) (size 1.5 0.55) (layers B.Cu B.Paste B.Mask)
      (net 61 col4))
    (pad 39 smd rect (at 0 5.7 315) (size 1.5 0.55) (layers B.Cu B.Paste B.Mask)
      (net 54 col3))
    (pad 40 smd rect (at -0.8 5.7 315) (size 1.5 0.55) (layers B.Cu B.Paste B.Mask)
      (net 53 col2))
    (pad 41 smd rect (at -1.6 5.7 315) (size 1.5 0.55) (layers B.Cu B.Paste B.Mask)
      (net 51 col1))
    (pad 42 smd rect (at -2.4 5.7 315) (size 1.5 0.55) (layers B.Cu B.Paste B.Mask)
      (net 73 "Net-(U1-Pad42)"))
    (pad 43 smd rect (at -3.2 5.7 315) (size 1.5 0.55) (layers B.Cu B.Paste B.Mask)
      (net 1 GND))
    (pad 44 smd rect (at -4 5.7 315) (size 1.5 0.55) (layers B.Cu B.Paste B.Mask)
      (net 5 +5V))
    (model ${KISYS3DMOD}/Package_QFP.3dshapes/TQFP-44_10x10mm_P0.8mm.wrl
      (at (xyz 0 0 0))
      (scale (xyz 1 1 1))
      (rotate (xyz 0 0 0))
    )
  )

  (module Capacitor_SMD:C_1206_3216Metric_Pad1.33x1.80mm_HandSolder (layer B.Cu) (tedit 5F68FEEF) (tstamp 5FBBD78A)
    (at 127.733 12.2639 315)
    (descr "Capacitor SMD 1206 (3216 Metric), square (rectangular) end terminal, IPC_7351 nominal with elongated pad for handsoldering. (Body size source: IPC-SM-782 page 76, https://www.pcb-3d.com/wordpress/wp-content/uploads/ipc-sm-782a_amendment_1_and_2.pdf), generated with kicad-footprint-generator")
    (tags "capacitor handsolder")
    (path /5FB65BE2)
    (attr smd)
    (fp_text reference C1 (at 0 -1.75 135) (layer B.SilkS) hide
      (effects (font (size 1 1) (thickness 0.15)) (justify mirror))
    )
    (fp_text value 22p (at -3.330266 0 45) (layer B.SilkS)
      (effects (font (size 1 1) (thickness 0.15)) (justify mirror))
    )
    (fp_line (start 2.48 -1.15) (end -2.48 -1.15) (layer B.CrtYd) (width 0.05))
    (fp_line (start 2.48 1.15) (end 2.48 -1.15) (layer B.CrtYd) (width 0.05))
    (fp_line (start -2.48 1.15) (end 2.48 1.15) (layer B.CrtYd) (width 0.05))
    (fp_line (start -2.48 -1.15) (end -2.48 1.15) (layer B.CrtYd) (width 0.05))
    (fp_line (start -0.711252 -0.91) (end 0.711252 -0.91) (layer B.SilkS) (width 0.12))
    (fp_line (start -0.711252 0.91) (end 0.711252 0.91) (layer B.SilkS) (width 0.12))
    (fp_line (start 1.6 -0.8) (end -1.6 -0.8) (layer B.Fab) (width 0.1))
    (fp_line (start 1.6 0.8) (end 1.6 -0.8) (layer B.Fab) (width 0.1))
    (fp_line (start -1.6 0.8) (end 1.6 0.8) (layer B.Fab) (width 0.1))
    (fp_line (start -1.6 -0.8) (end -1.6 0.8) (layer B.Fab) (width 0.1))
    (fp_text user %R (at 0 0.000049 135) (layer B.SilkS)
      (effects (font (size 0.8 0.8) (thickness 0.12)) (justify mirror))
    )
    (pad 2 smd roundrect (at 1.5625 0 315) (size 1.325 1.8) (layers B.Cu B.Paste B.Mask) (roundrect_rratio 0.1886784905660377)
      (net 1 GND))
    (pad 1 smd roundrect (at -1.5625 0 315) (size 1.325 1.8) (layers B.Cu B.Paste B.Mask) (roundrect_rratio 0.1886784905660377)
      (net 2 "Net-(C1-Pad1)"))
    (model ${KISYS3DMOD}/Capacitor_SMD.3dshapes/C_1206_3216Metric.wrl
      (at (xyz 0 0 0))
      (scale (xyz 1 1 1))
      (rotate (xyz 0 0 0))
    )
  )

  (module Capacitor_SMD:C_1206_3216Metric_Pad1.33x1.80mm_HandSolder (layer B.Cu) (tedit 5F68FEEF) (tstamp 5FBBD79B)
    (at 122.483 17.5139 135)
    (descr "Capacitor SMD 1206 (3216 Metric), square (rectangular) end terminal, IPC_7351 nominal with elongated pad for handsoldering. (Body size source: IPC-SM-782 page 76, https://www.pcb-3d.com/wordpress/wp-content/uploads/ipc-sm-782a_amendment_1_and_2.pdf), generated with kicad-footprint-generator")
    (tags "capacitor handsolder")
    (path /5FB6600C)
    (attr smd)
    (fp_text reference C2 (at 0 1.850001 135) (layer B.SilkS) hide
      (effects (font (size 1 1) (thickness 0.15)) (justify mirror))
    )
    (fp_text value 22p (at -3.2 -0.1 45) (layer B.SilkS)
      (effects (font (size 1 1) (thickness 0.15)) (justify mirror))
    )
    (fp_line (start -1.6 -0.8) (end -1.6 0.8) (layer B.Fab) (width 0.1))
    (fp_line (start -1.6 0.8) (end 1.6 0.8) (layer B.Fab) (width 0.1))
    (fp_line (start 1.6 0.8) (end 1.6 -0.8) (layer B.Fab) (width 0.1))
    (fp_line (start 1.6 -0.8) (end -1.6 -0.8) (layer B.Fab) (width 0.1))
    (fp_line (start -0.711252 0.91) (end 0.711252 0.91) (layer B.SilkS) (width 0.12))
    (fp_line (start -0.711252 -0.91) (end 0.711252 -0.91) (layer B.SilkS) (width 0.12))
    (fp_line (start -2.48 -1.15) (end -2.48 1.15) (layer B.CrtYd) (width 0.05))
    (fp_line (start -2.48 1.15) (end 2.48 1.15) (layer B.CrtYd) (width 0.05))
    (fp_line (start 2.48 1.15) (end 2.48 -1.15) (layer B.CrtYd) (width 0.05))
    (fp_line (start 2.48 -1.15) (end -2.48 -1.15) (layer B.CrtYd) (width 0.05))
    (fp_text user %R (at 0 0 135) (layer B.SilkS)
      (effects (font (size 0.8 0.8) (thickness 0.12)) (justify mirror))
    )
    (pad 1 smd roundrect (at -1.5625 0 135) (size 1.325 1.8) (layers B.Cu B.Paste B.Mask) (roundrect_rratio 0.1886784905660377)
      (net 3 "Net-(C2-Pad1)"))
    (pad 2 smd roundrect (at 1.5625 0 135) (size 1.325 1.8) (layers B.Cu B.Paste B.Mask) (roundrect_rratio 0.1886784905660377)
      (net 1 GND))
    (model ${KISYS3DMOD}/Capacitor_SMD.3dshapes/C_1206_3216Metric.wrl
      (at (xyz 0 0 0))
      (scale (xyz 1 1 1))
      (rotate (xyz 0 0 0))
    )
  )

  (module Capacitor_SMD:C_1206_3216Metric_Pad1.33x1.80mm_HandSolder (layer B.Cu) (tedit 5F68FEEF) (tstamp 5FBBD7AC)
    (at 119.9875 21.26875 180)
    (descr "Capacitor SMD 1206 (3216 Metric), square (rectangular) end terminal, IPC_7351 nominal with elongated pad for handsoldering. (Body size source: IPC-SM-782 page 76, https://www.pcb-3d.com/wordpress/wp-content/uploads/ipc-sm-782a_amendment_1_and_2.pdf), generated with kicad-footprint-generator")
    (tags "capacitor handsolder")
    (path /5FB4DEAA)
    (attr smd)
    (fp_text reference C3 (at 0 1.85) (layer B.SilkS) hide
      (effects (font (size 1 1) (thickness 0.15)) (justify mirror))
    )
    (fp_text value 1u (at 0 -1.85) (layer B.SilkS)
      (effects (font (size 1 1) (thickness 0.15)) (justify mirror))
    )
    (fp_line (start -1.6 -0.8) (end -1.6 0.8) (layer B.Fab) (width 0.1))
    (fp_line (start -1.6 0.8) (end 1.6 0.8) (layer B.Fab) (width 0.1))
    (fp_line (start 1.6 0.8) (end 1.6 -0.8) (layer B.Fab) (width 0.1))
    (fp_line (start 1.6 -0.8) (end -1.6 -0.8) (layer B.Fab) (width 0.1))
    (fp_line (start -0.711252 0.91) (end 0.711252 0.91) (layer B.SilkS) (width 0.12))
    (fp_line (start -0.711252 -0.91) (end 0.711252 -0.91) (layer B.SilkS) (width 0.12))
    (fp_line (start -2.48 -1.15) (end -2.48 1.15) (layer B.CrtYd) (width 0.05))
    (fp_line (start -2.48 1.15) (end 2.48 1.15) (layer B.CrtYd) (width 0.05))
    (fp_line (start 2.48 1.15) (end 2.48 -1.15) (layer B.CrtYd) (width 0.05))
    (fp_line (start 2.48 -1.15) (end -2.48 -1.15) (layer B.CrtYd) (width 0.05))
    (fp_text user %R (at 0 0) (layer B.SilkS)
      (effects (font (size 0.8 0.8) (thickness 0.12)) (justify mirror))
    )
    (pad 1 smd roundrect (at -1.5625 0 180) (size 1.325 1.8) (layers B.Cu B.Paste B.Mask) (roundrect_rratio 0.1886784905660377)
      (net 4 "Net-(C3-Pad1)"))
    (pad 2 smd roundrect (at 1.5625 0 180) (size 1.325 1.8) (layers B.Cu B.Paste B.Mask) (roundrect_rratio 0.1886784905660377)
      (net 1 GND))
    (model ${KISYS3DMOD}/Capacitor_SMD.3dshapes/C_1206_3216Metric.wrl
      (at (xyz 0 0 0))
      (scale (xyz 1 1 1))
      (rotate (xyz 0 0 0))
    )
  )

  (module Capacitor_SMD:C_1206_3216Metric_Pad1.33x1.80mm_HandSolder (layer B.Cu) (tedit 5F68FEEF) (tstamp 5FBBD7BD)
    (at 106.6437 21.1938 90)
    (descr "Capacitor SMD 1206 (3216 Metric), square (rectangular) end terminal, IPC_7351 nominal with elongated pad for handsoldering. (Body size source: IPC-SM-782 page 76, https://www.pcb-3d.com/wordpress/wp-content/uploads/ipc-sm-782a_amendment_1_and_2.pdf), generated with kicad-footprint-generator")
    (tags "capacitor handsolder")
    (path /5FB43AE3)
    (attr smd)
    (fp_text reference C4 (at 0 1.85 90) (layer B.SilkS) hide
      (effects (font (size 1 1) (thickness 0.15)) (justify mirror))
    )
    (fp_text value 0.1u (at 0 -1.85 90) (layer B.SilkS)
      (effects (font (size 1 1) (thickness 0.15)) (justify mirror))
    )
    (fp_line (start 2.48 -1.15) (end -2.48 -1.15) (layer B.CrtYd) (width 0.05))
    (fp_line (start 2.48 1.15) (end 2.48 -1.15) (layer B.CrtYd) (width 0.05))
    (fp_line (start -2.48 1.15) (end 2.48 1.15) (layer B.CrtYd) (width 0.05))
    (fp_line (start -2.48 -1.15) (end -2.48 1.15) (layer B.CrtYd) (width 0.05))
    (fp_line (start -0.711252 -0.91) (end 0.711252 -0.91) (layer B.SilkS) (width 0.12))
    (fp_line (start -0.711252 0.91) (end 0.711252 0.91) (layer B.SilkS) (width 0.12))
    (fp_line (start 1.6 -0.8) (end -1.6 -0.8) (layer B.Fab) (width 0.1))
    (fp_line (start 1.6 0.8) (end 1.6 -0.8) (layer B.Fab) (width 0.1))
    (fp_line (start -1.6 0.8) (end 1.6 0.8) (layer B.Fab) (width 0.1))
    (fp_line (start -1.6 -0.8) (end -1.6 0.8) (layer B.Fab) (width 0.1))
    (fp_text user %R (at 0 0 90) (layer B.SilkS)
      (effects (font (size 0.8 0.8) (thickness 0.12)) (justify mirror))
    )
    (pad 2 smd roundrect (at 1.5625 0 90) (size 1.325 1.8) (layers B.Cu B.Paste B.Mask) (roundrect_rratio 0.1886784905660377)
      (net 1 GND))
    (pad 1 smd roundrect (at -1.5625 0 90) (size 1.325 1.8) (layers B.Cu B.Paste B.Mask) (roundrect_rratio 0.1886784905660377)
      (net 5 +5V))
    (model ${KISYS3DMOD}/Capacitor_SMD.3dshapes/C_1206_3216Metric.wrl
      (at (xyz 0 0 0))
      (scale (xyz 1 1 1))
      (rotate (xyz 0 0 0))
    )
  )

  (module Capacitor_SMD:C_1206_3216Metric_Pad1.33x1.80mm_HandSolder (layer B.Cu) (tedit 5F68FEEF) (tstamp 5FBBD7CE)
    (at 104.1437 21.1938 90)
    (descr "Capacitor SMD 1206 (3216 Metric), square (rectangular) end terminal, IPC_7351 nominal with elongated pad for handsoldering. (Body size source: IPC-SM-782 page 76, https://www.pcb-3d.com/wordpress/wp-content/uploads/ipc-sm-782a_amendment_1_and_2.pdf), generated with kicad-footprint-generator")
    (tags "capacitor handsolder")
    (path /5FB42F5B)
    (attr smd)
    (fp_text reference C5 (at 0 1.85 90) (layer B.SilkS) hide
      (effects (font (size 1 1) (thickness 0.15)) (justify mirror))
    )
    (fp_text value 0.1u (at 0 -1.85 90) (layer B.SilkS)
      (effects (font (size 1 1) (thickness 0.15)) (justify mirror))
    )
    (fp_line (start -1.6 -0.8) (end -1.6 0.8) (layer B.Fab) (width 0.1))
    (fp_line (start -1.6 0.8) (end 1.6 0.8) (layer B.Fab) (width 0.1))
    (fp_line (start 1.6 0.8) (end 1.6 -0.8) (layer B.Fab) (width 0.1))
    (fp_line (start 1.6 -0.8) (end -1.6 -0.8) (layer B.Fab) (width 0.1))
    (fp_line (start -0.711252 0.91) (end 0.711252 0.91) (layer B.SilkS) (width 0.12))
    (fp_line (start -0.711252 -0.91) (end 0.711252 -0.91) (layer B.SilkS) (width 0.12))
    (fp_line (start -2.48 -1.15) (end -2.48 1.15) (layer B.CrtYd) (width 0.05))
    (fp_line (start -2.48 1.15) (end 2.48 1.15) (layer B.CrtYd) (width 0.05))
    (fp_line (start 2.48 1.15) (end 2.48 -1.15) (layer B.CrtYd) (width 0.05))
    (fp_line (start 2.48 -1.15) (end -2.48 -1.15) (layer B.CrtYd) (width 0.05))
    (fp_text user %R (at 0 0 90) (layer B.SilkS)
      (effects (font (size 0.8 0.8) (thickness 0.12)) (justify mirror))
    )
    (pad 1 smd roundrect (at -1.5625 0 90) (size 1.325 1.8) (layers B.Cu B.Paste B.Mask) (roundrect_rratio 0.1886784905660377)
      (net 5 +5V))
    (pad 2 smd roundrect (at 1.5625 0 90) (size 1.325 1.8) (layers B.Cu B.Paste B.Mask) (roundrect_rratio 0.1886784905660377)
      (net 1 GND))
    (model ${KISYS3DMOD}/Capacitor_SMD.3dshapes/C_1206_3216Metric.wrl
      (at (xyz 0 0 0))
      (scale (xyz 1 1 1))
      (rotate (xyz 0 0 0))
    )
  )

  (module Capacitor_SMD:C_1206_3216Metric_Pad1.33x1.80mm_HandSolder (layer B.Cu) (tedit 5F68FEEF) (tstamp 5FBBD7DF)
    (at 101.6437 21.1938 90)
    (descr "Capacitor SMD 1206 (3216 Metric), square (rectangular) end terminal, IPC_7351 nominal with elongated pad for handsoldering. (Body size source: IPC-SM-782 page 76, https://www.pcb-3d.com/wordpress/wp-content/uploads/ipc-sm-782a_amendment_1_and_2.pdf), generated with kicad-footprint-generator")
    (tags "capacitor handsolder")
    (path /5FB432D9)
    (attr smd)
    (fp_text reference C6 (at 0 1.85 90) (layer B.SilkS) hide
      (effects (font (size 1 1) (thickness 0.15)) (justify mirror))
    )
    (fp_text value 0.1u (at 0 -1.85 90) (layer B.SilkS)
      (effects (font (size 1 1) (thickness 0.15)) (justify mirror))
    )
    (fp_line (start 2.48 -1.15) (end -2.48 -1.15) (layer B.CrtYd) (width 0.05))
    (fp_line (start 2.48 1.15) (end 2.48 -1.15) (layer B.CrtYd) (width 0.05))
    (fp_line (start -2.48 1.15) (end 2.48 1.15) (layer B.CrtYd) (width 0.05))
    (fp_line (start -2.48 -1.15) (end -2.48 1.15) (layer B.CrtYd) (width 0.05))
    (fp_line (start -0.711252 -0.91) (end 0.711252 -0.91) (layer B.SilkS) (width 0.12))
    (fp_line (start -0.711252 0.91) (end 0.711252 0.91) (layer B.SilkS) (width 0.12))
    (fp_line (start 1.6 -0.8) (end -1.6 -0.8) (layer B.Fab) (width 0.1))
    (fp_line (start 1.6 0.8) (end 1.6 -0.8) (layer B.Fab) (width 0.1))
    (fp_line (start -1.6 0.8) (end 1.6 0.8) (layer B.Fab) (width 0.1))
    (fp_line (start -1.6 -0.8) (end -1.6 0.8) (layer B.Fab) (width 0.1))
    (fp_text user %R (at 0 0 90) (layer B.SilkS)
      (effects (font (size 0.8 0.8) (thickness 0.12)) (justify mirror))
    )
    (pad 2 smd roundrect (at 1.5625 0 90) (size 1.325 1.8) (layers B.Cu B.Paste B.Mask) (roundrect_rratio 0.1886784905660377)
      (net 1 GND))
    (pad 1 smd roundrect (at -1.5625 0 90) (size 1.325 1.8) (layers B.Cu B.Paste B.Mask) (roundrect_rratio 0.1886784905660377)
      (net 5 +5V))
    (model ${KISYS3DMOD}/Capacitor_SMD.3dshapes/C_1206_3216Metric.wrl
      (at (xyz 0 0 0))
      (scale (xyz 1 1 1))
      (rotate (xyz 0 0 0))
    )
  )

  (module Capacitor_SMD:C_1206_3216Metric_Pad1.33x1.80mm_HandSolder (layer B.Cu) (tedit 5F68FEEF) (tstamp 5FBBD7F0)
    (at 109.1875 21.1938 90)
    (descr "Capacitor SMD 1206 (3216 Metric), square (rectangular) end terminal, IPC_7351 nominal with elongated pad for handsoldering. (Body size source: IPC-SM-782 page 76, https://www.pcb-3d.com/wordpress/wp-content/uploads/ipc-sm-782a_amendment_1_and_2.pdf), generated with kicad-footprint-generator")
    (tags "capacitor handsolder")
    (path /5FB43598)
    (attr smd)
    (fp_text reference C7 (at 0 1.85 90) (layer B.SilkS) hide
      (effects (font (size 1 1) (thickness 0.15)) (justify mirror))
    )
    (fp_text value 10u (at 0 -1.85 90) (layer B.SilkS)
      (effects (font (size 1 1) (thickness 0.15)) (justify mirror))
    )
    (fp_line (start -1.6 -0.8) (end -1.6 0.8) (layer B.Fab) (width 0.1))
    (fp_line (start -1.6 0.8) (end 1.6 0.8) (layer B.Fab) (width 0.1))
    (fp_line (start 1.6 0.8) (end 1.6 -0.8) (layer B.Fab) (width 0.1))
    (fp_line (start 1.6 -0.8) (end -1.6 -0.8) (layer B.Fab) (width 0.1))
    (fp_line (start -0.711252 0.91) (end 0.711252 0.91) (layer B.SilkS) (width 0.12))
    (fp_line (start -0.711252 -0.91) (end 0.711252 -0.91) (layer B.SilkS) (width 0.12))
    (fp_line (start -2.48 -1.15) (end -2.48 1.15) (layer B.CrtYd) (width 0.05))
    (fp_line (start -2.48 1.15) (end 2.48 1.15) (layer B.CrtYd) (width 0.05))
    (fp_line (start 2.48 1.15) (end 2.48 -1.15) (layer B.CrtYd) (width 0.05))
    (fp_line (start 2.48 -1.15) (end -2.48 -1.15) (layer B.CrtYd) (width 0.05))
    (fp_text user %R (at 0 0 90) (layer B.SilkS)
      (effects (font (size 0.8 0.8) (thickness 0.12)) (justify mirror))
    )
    (pad 1 smd roundrect (at -1.5625 0 90) (size 1.325 1.8) (layers B.Cu B.Paste B.Mask) (roundrect_rratio 0.1886784905660377)
      (net 5 +5V))
    (pad 2 smd roundrect (at 1.5625 0 90) (size 1.325 1.8) (layers B.Cu B.Paste B.Mask) (roundrect_rratio 0.1886784905660377)
      (net 1 GND))
    (model ${KISYS3DMOD}/Capacitor_SMD.3dshapes/C_1206_3216Metric.wrl
      (at (xyz 0 0 0))
      (scale (xyz 1 1 1))
      (rotate (xyz 0 0 0))
    )
  )

  (module swanmatch:1pin_conn (layer F.Cu) (tedit 5B7FD7E8) (tstamp 5FBBDA8E)
    (at 100.344 16.1437)
    (descr "Resitance 3 pas")
    (tags R)
    (path /5FB79F9C)
    (autoplace_cost180 10)
    (fp_text reference J1 (at 0 1.651) (layer F.SilkS) hide
      (effects (font (size 0.8128 0.8128) (thickness 0.15)))
    )
    (fp_text value SCK (at 0 -1.4605) (layer F.SilkS)
      (effects (font (size 0.5 0.5) (thickness 0.125)))
    )
    (fp_line (start 1 -1) (end -1 -1) (layer F.SilkS) (width 0.15))
    (fp_line (start 1 1) (end 1 -1) (layer F.SilkS) (width 0.15))
    (fp_line (start -1 1) (end 1 1) (layer F.SilkS) (width 0.15))
    (fp_line (start -1 -1) (end -1 1) (layer F.SilkS) (width 0.15))
    (fp_line (start -1 1) (end -1 -1) (layer B.SilkS) (width 0.15))
    (fp_line (start 1 1) (end -1 1) (layer B.SilkS) (width 0.15))
    (fp_line (start 1 -1) (end 1 1) (layer B.SilkS) (width 0.15))
    (fp_line (start -1 -1) (end 1 -1) (layer B.SilkS) (width 0.15))
    (fp_text user ** (at 0 1.651) (layer B.SilkS) hide
      (effects (font (size 0.8128 0.8128) (thickness 0.15)) (justify mirror))
    )
    (pad 1 thru_hole circle (at 0 0) (size 1.397 1.397) (drill 0.8128) (layers *.Cu *.Mask F.SilkS)
      (net 51 col1))
    (model discret/resistor.wrl
      (at (xyz 0 0 0))
      (scale (xyz 0.3 0.3 0.3))
      (rotate (xyz 0 0 0))
    )
    (model Resistors_ThroughHole.3dshapes/Resistor_Horizontal_RM10mm.wrl
      (at (xyz 0 0 0))
      (scale (xyz 0.2 0.2 0.2))
      (rotate (xyz 0 0 0))
    )
  )

  (module swanmatch:1pin_conn (layer F.Cu) (tedit 5B7FD7E8) (tstamp 5FBBDA9C)
    (at 97.8437 16.1437)
    (descr "Resitance 3 pas")
    (tags R)
    (path /5FB7B1F6)
    (autoplace_cost180 10)
    (fp_text reference J2 (at 0 1.651) (layer F.SilkS) hide
      (effects (font (size 0.8128 0.8128) (thickness 0.15)))
    )
    (fp_text value RST (at 0 -1.4605) (layer F.SilkS)
      (effects (font (size 0.5 0.5) (thickness 0.125)))
    )
    (fp_line (start -1 -1) (end 1 -1) (layer B.SilkS) (width 0.15))
    (fp_line (start 1 -1) (end 1 1) (layer B.SilkS) (width 0.15))
    (fp_line (start 1 1) (end -1 1) (layer B.SilkS) (width 0.15))
    (fp_line (start -1 1) (end -1 -1) (layer B.SilkS) (width 0.15))
    (fp_line (start -1 -1) (end -1 1) (layer F.SilkS) (width 0.15))
    (fp_line (start -1 1) (end 1 1) (layer F.SilkS) (width 0.15))
    (fp_line (start 1 1) (end 1 -1) (layer F.SilkS) (width 0.15))
